0 0 1
-0.0101835829 0.5521980847 0.8336501708 0.0340382000
-0.9992455295 0.0256173339 -0.0291752539 0.0045953100
-0.0374660348 -0.8333187259 0.5515213232 -0.0386104000
0.0000000000 0.0000000000 0.0000000000 1.0000000000
1 1 2
-0.0256319128 0.6406469435 0.7674081088 0.0195198000
-0.9992370825 0.0062172976 -0.0385653039 -0.0014226800
-0.0294782028 -0.7678108645 0.6399982499 -0.0235745000
0.0000000000 0.0000000000 0.0000000000 1.0000000000
2 2 3
-0.0359274973 0.7452496073 0.6658185552 0.0110996000
-0.9983435903 0.0032085040 -0.0574613982 -0.0205376000
-0.0449599984 -0.6667793933 0.7438980851 -0.0226391000
0.0000000000 0.0000000000 0.0000000000 1.0000000000
3 3 4
-0.0487987484 0.7771918902 0.6273676458 -0.0036362700
-0.9983673100 -0.0192980159 -0.0537499016 -0.0130534000
-0.0296666706 -0.6289666951 0.7768658261 -0.0208750000
0.0000000000 0.0000000000 0.0000000000 1.0000000000
4 4 5
-0.0414664495 0.7622242235 0.6459836487 0.0027482000
-0.9986343998 -0.0110531403 -0.0510614155 -0.0150746000
-0.0317801316 -0.6472187928 0.7616415706 -0.0229752000
0.0000000000 0.0000000000 0.0000000000 1.0000000000
5 5 6
-0.0374320261 0.5823076277 0.8121049132 0.0418054000
-0.9985133979 0.0104036491 -0.0534844211 -0.0187954000
-0.0395923920 -0.8129006187 0.5810543054 -0.0332186000
0.0000000000 0.0000000000 0.0000000000 1.0000000000
6 6 7
-0.0698630765 0.5812550087 0.8107165330 0.0554047000
-0.9936562855 0.0312456567 -0.1080299541 -0.0163287000
-0.0881241642 -0.8131210854 0.5753851286 -0.0143078000
0.0000000000 0.0000000000 0.0000000000 1.0000000000
7 7 8
-0.0385454218 0.5975519031 0.8009017538 0.0544711000
-0.9948533328 0.0522041545 -0.0868298556 -0.0152765000
-0.0936949428 -0.8001276778 0.5924660607 0.0373952000
0.0000000000 0.0000000000 0.0000000000 1.0000000000
8 8 9
-0.3042498287 0.6370732447 0.7082141452 0.0098977200
-0.8900427741 0.0748435243 -0.4496894165 -0.1436420000
-0.3394899924 -0.7671599519 0.5442529725 0.0150983000
0.0000000000 0.0000000000 0.0000000000 1.0000000000
9 9 10
-0.3614416922 0.6567705050 0.6618219891 -0.0115934000
-0.8754630131 0.0051756128 -0.4832543407 -0.1351940000
-0.3208120230 -0.7540707851 0.5731104809 0.0015194900
0.0000000000 0.0000000000 0.0000000000 1.0000000000
10 10 11
-0.2341615205 0.6576916778 0.7159662167 -0.0144521000
-0.9441059594 0.0219171728 -0.3289098060 -0.0945625000
-0.2320127239 -0.7529670510 0.6158002631 -0.0039806600
0.0000000000 0.0000000000 0.0000000000 1.0000000000
11 11 12
0.0613886363 0.5974663751 0.7995409841 0.0205155000
-0.9979794110 0.0235800710 0.0590043361 0.0053614100
0.0163996914 -0.8015474702 0.5977063517 -0.0135056000
0.0000000000 0.0000000000 0.0000000000 1.0000000000
12 12 13
0.2012805209 0.5965880262 0.7768980609 -0.0186660000
-0.9694506235 0.0078155514 0.2451663515 0.0059493200
0.1401904366 -0.8025109210 0.5799342779 -0.0607351000
0.0000000000 0.0000000000 0.0000000000 1.0000000000
13 13 14
0.1733068378 0.6915480292 0.7012325029 -0.0351262000
-0.9778110109 0.0357344763 0.2064213983 -0.0013665000
0.1176916595 -0.7214468034 0.6823954513 -0.0538122000
0.0000000000 0.0000000000 0.0000000000 1.0000000000
14 14 15
0.1502956353 0.7624572961 0.6293417581 -0.0590360000
-0.9788503033 0.0253938257 0.2029983558 0.0102613000
0.1387957510 -0.6465408885 0.7501472521 -0.0442319000
0.0000000000 0.0000000000 0.0000000000 1.0000000000
15 15 16
0.1469823971 0.7581298774 0.6353246041 -0.0641157000
-0.9795224912 0.0222081301 0.2001121742 0.0101128000
0.1376007004 -0.6517271531 0.7458675401 -0.0453323000
0.0000000000 0.0000000000 0.0000000000 1.0000000000
16 16 17
0.0192022781 0.7462636325 0.6653734758 -0.0766950000
-0.9990647109 -0.0114658451 0.0416921661 -0.0330473000
0.0387424169 -0.6655517441 0.7453454908 -0.0495445000
0.0000000000 0.0000000000 0.0000000000 1.0000000000
17 17 18
-0.0609087564 0.7052122031 0.7063750540 -0.0808640000
-0.9963970303 -0.0011152994 -0.0848031116 -0.0877106000
-0.0590163221 -0.7089953162 0.7027394054 -0.0514332000
0.0000000000 0.0000000000 0.0000000000 1.0000000000
18 18 19
0.0451167141 0.6685096583 0.7423329071 -0.1277540000
-0.9985726580 0.0089316319 0.0526465035 -0.1092950000
0.0285649257 -0.7436490061 0.6679594243 -0.1319060000
0.0000000000 0.0000000000 0.0000000000 1.0000000000
19 19 20
0.1317302880 0.6104714723 0.7810072865 -0.1473600000
-0.9912534478 0.0747433497 0.1087692363 -0.1328320000
0.0080251112 -0.7885041065 0.6149773721 -0.1378790000
0.0000000000 0.0000000000 0.0000000000 1.0000000000
20 20 21
-0.0428255982 0.6599974444 0.7500461337 -0.0304788000
-0.9984146438 -0.0008265208 -0.0562795051 -0.0679689000
-0.0365243533 -0.7512673006 0.6589866230 -0.1514600000
0.0000000000 0.0000000000 0.0000000000 1.0000000000
21 21 22
-0.0215672504 0.6478853406 0.7614326767 -0.0830025000
-0.9976638510 0.0354340531 -0.0584083436 -0.0757210000
-0.0648226517 -0.7609134508 0.6456073436 -0.1997750000
0.0000000000 0.0000000000 0.0000000000 1.0000000000
22 22 23
-0.0295050538 0.5851301660 0.8104021240 -0.1334920000
-0.9995613644 -0.0152860937 -0.0253551477 -0.0363994000
-0.0024479678 -0.8107949763 0.5853249501 -0.2498810000
0.0000000000 0.0000000000 0.0000000000 1.0000000000
23 23 24
0.0163397569 0.5647034769 0.8251315107 -0.2013550000
-0.9978571663 -0.0430752522 0.0492397523 -0.0242110000
0.0633490523 -0.8241683449 0.5627903684 -0.3280100000
0.0000000000 0.0000000000 0.0000000000 1.0000000000
24 24 25
0.0784971665 0.6012036334 0.7952313504 -0.2936530000
-0.9939840398 -0.0139195670 0.1086394979 -0.0294212000
0.0763834936 -0.7989749702 0.5964937420 -0.3760540000
0.0000000000 0.0000000000 0.0000000000 1.0000000000
25 25 26
0.1837516743 0.5576221868 0.8095024143 -0.3187360000
-0.9769129415 0.0122891664 0.2132878394 -0.0070799900
0.1089851677 -0.8300048762 0.5470053769 -0.3640810000
0.0000000000 0.0000000000 0.0000000000 1.0000000000
26 26 27
0.3840069937 0.5013620515 0.7753557274 -0.3391480000
-0.8959811007 -0.0005347732 0.4440951197 0.0422199000
0.2230656357 -0.8652391008 0.4490040250 -0.4046350000
0.0000000000 0.0000000000 0.0000000000 1.0000000000
27 27 28
0.1965395443 0.5031030580 0.8415820609 -0.3381140000
-0.9679959150 -0.0370600710 0.2482167398 0.0078145400
0.1560671673 -0.8634320786 0.4797172416 -0.4104640000
0.0000000000 0.0000000000 0.0000000000 1.0000000000
28 28 29
0.0975447603 0.4634111609 0.8807586914 -0.3057450000
-0.9941758714 0.0046212674 0.1076745806 -0.0040019800
0.0458269924 -0.8861318043 0.4611624053 -0.4001690000
0.0000000000 0.0000000000 0.0000000000 1.0000000000
29 29 30
0.0225961502 0.4461597125 0.8946674889 -0.2642850000
-0.9996994581 0.0016204447 0.0244404726 -0.0027032100
0.0094550618 -0.8949513139 0.4460629727 -0.3768910000
0.0000000000 0.0000000000 0.0000000000 1.0000000000
30 30 31
0.0496062409 0.4246793372 0.9039834589 -0.2356160000
-0.9987682910 0.0204304450 0.0452094281 -0.0235791000
0.0007310053 -0.9051129498 0.4251701522 -0.3722190000
0.0000000000 0.0000000000 0.0000000000 1.0000000000
31 31 32
0.3220779270 0.3971162391 0.8593992302 -0.3387830000
-0.9173795591 -0.0933111528 0.3869261711 -0.0175016000
0.2338441546 -0.9130146823 0.3342507906 -0.3323030000
0.0000000000 0.0000000000 0.0000000000 1.0000000000
32 32 33
0.0372116540 0.3734036087 0.9269215700 -0.2721850000
-0.9988356648 -0.0145774342 0.0459705837 -0.0419792000
0.0306784366 -0.9275536238 0.3724274014 -0.3546310000
0.0000000000 0.0000000000 0.0000000000 1.0000000000
33 33 34
0.1817367152 0.2700183458 0.9455500364 -0.2642480000
-0.9649634834 -0.1361005170 0.2243352557 -0.0058438100
0.1892623948 -0.9531898679 0.2358211921 -0.4379760000
0.0000000000 0.0000000000 0.0000000000 1.0000000000
34 34 35
0.3019381326 0.2201248459 0.9275677601 -0.3380230000
-0.9252417559 -0.1667783744 0.3407617535 0.0511275000
0.2297054429 -0.9611118206 0.1533093713 -0.5288900000
0.0000000000 0.0000000000 0.0000000000 1.0000000000
35 35 36
0.0548433534 0.2311417901 0.9713739183 -0.3461320000
-0.9965376639 -0.0482257988 0.0677402546 0.0365664000
0.0625020064 -0.9717250282 0.2276955952 -0.5189050000
0.0000000000 0.0000000000 0.0000000000 1.0000000000
36 36 37
0.0849978357 0.2489233163 0.9647868136 -0.3850950000
-0.9945521770 -0.0374552875 0.0972843963 0.0631644000
0.0603521365 -0.9677992917 0.2443829242 -0.5425400000
0.0000000000 0.0000000000 0.0000000000 1.0000000000
37 37 38
0.0180612595 0.2131356403 0.9768563689 -0.3662810000
-0.9990082658 -0.0359385614 0.0263126568 0.0221588000
0.0407142648 -0.9763621613 0.2122743090 -0.5538710000
0.0000000000 0.0000000000 0.0000000000 1.0000000000
38 38 39
-0.0136596486 0.2993566398 0.9540431567 -0.3695760000
-0.9986677494 -0.0515606094 0.0018797144 0.0224227000
0.0497540840 -0.9527467708 0.2996625736 -0.5363440000
0.0000000000 0.0000000000 0.0000000000 1.0000000000
39 39 40
-0.0702361471 0.3180342898 0.9454744248 -0.3645400000
-0.9974498344 -0.0344670813 -0.0625030775 -0.0001669280
0.0127092577 -0.9474528998 0.3196435432 -0.5287070000
0.0000000000 0.0000000000 0.0000000000 1.0000000000
40 40 41
-0.1942113495 0.3449722838 0.9182980939 -0.3686850000
-0.9788389942 -0.0066621736 -0.2045137866 -0.0509745000
-0.0644320515 -0.9385871238 0.3389692141 -0.5096700000
0.0000000000 0.0000000000 0.0000000000 1.0000000000
41 41 42
-0.1883777215 0.3188901628 0.9288824183 -0.3665840000
-0.9803983634 -0.0054655576 -0.1969489264 -0.0569370000
-0.0577280861 -0.9477757618 0.3136692057 -0.5171490000
0.0000000000 0.0000000000 0.0000000000 1.0000000000
42 42 43
-0.0528512456 0.3067349327 0.9503264817 -0.3526930000
-0.9975673202 -0.0595355389 -0.0362623249 -0.0086829300
0.0454552798 -0.9499311531 0.3091352756 -0.5181280000
0.0000000000 0.0000000000 0.0000000000 1.0000000000
43 43 44
0.0424457330 0.2782413013 0.9595737992 -0.3374800000
-0.9921888558 -0.1010312216 0.0731844594 0.0289698000
0.1173088751 -0.9551839975 0.2717783667 -0.5211280000
0.0000000000 0.0000000000 0.0000000000 1.0000000000
44 44 45
0.0434880108 0.2842594825 0.9577614785 -0.3235850000
-0.9924286442 -0.0979387918 0.0741305769 0.0320634000
0.1148733625 -0.9537329305 0.2778468985 -0.5152060000
0.0000000000 0.0000000000 0.0000000000 1.0000000000
45 45 46
0.0612498885 0.2753597389 0.9593898187 -0.2867450000
-0.9913502198 -0.0950119219 0.0905615504 0.0351395000
0.1160885513 -0.9566366431 0.2671561407 -0.4975130000
0.0000000000 0.0000000000 0.0000000000 1.0000000000
46 46 47
0.1360411671 0.2524240158 0.9580061095 -0.2210330000
-0.9832516272 -0.0839805346 0.1617544343 0.0425955000
0.1212840765 -0.9639659618 0.2367709736 -0.4872870000
0.0000000000 0.0000000000 0.0000000000 1.0000000000
47 47 48
0.1197484612 0.2540724843 0.9597449238 -0.1859990000
-0.9803314205 -0.1225026176 0.1547482996 0.0430967000
0.1568867490 -0.9593976772 0.2344037437 -0.4268170000
0.0000000000 0.0000000000 0.0000000000 1.0000000000
48 48 49
0.2966544945 0.4403828941 0.8473835966 -0.2147610000
-0.9328567127 -0.0562777117 0.3558245157 -0.0616654000
0.2043878830 -0.8960444403 0.3941191501 -0.3514610000
0.0000000000 0.0000000000 0.0000000000 1.0000000000
49 49 50
0.4629423882 0.4903100289 0.7384322343 -0.2275810000
-0.8009770163 -0.1253999642 0.5854180752 -0.0197295000
0.3796339138 -0.8624816398 0.3346724861 -0.2464750000
0.0000000000 0.0000000000 0.0000000000 1.0000000000
50 50 51
0.5050927171 0.3006115633 0.8090231598 -0.0502432000
-0.7349946573 -0.3415415830 0.5857851405 0.0748639000
0.4524031817 -0.8905021422 0.0484337592 -0.2407420000
0.0000000000 0.0000000000 0.0000000000 1.0000000000
51 51 52
0.6434855223 0.3767044921 0.6663500039 -0.0514398000
-0.6304700152 -0.2328458390 0.7404715053 0.0024995300
0.4340923427 -0.8965959044 0.0876658532 -0.1818950000
0.0000000000 0.0000000000 0.0000000000 1.0000000000
52 52 53
0.8303354772 0.4400177093 0.3419489346 -0.1057710000
-0.2487345467 -0.2564676005 0.9340063231 0.1219850000
0.4986740254 -0.8605934591 -0.1035081232 -0.2694610000
0.0000000000 0.0000000000 0.0000000000 1.0000000000
53 53 54
0.8450965824 0.5001416135 -0.1888671814 -0.2038120000
0.4180980709 -0.3981336074 0.8165107254 0.2668850000
0.3331763030 -0.7689955319 -0.5455696111 -0.3941220000
0.0000000000 0.0000000000 0.0000000000 1.0000000000
54 54 55
0.6188162539 0.5771364320 -0.5328992863 -0.3684630000
0.7854660317 -0.4637168594 0.4098977763 0.3022180000
-0.0105462553 -0.6722251207 -0.7402768215 -0.5255420000
0.0000000000 0.0000000000 0.0000000000 1.0000000000
55 55 56
0.5671083963 0.5794558942 -0.5853386972 -0.4065220000
0.8168686058 -0.4866701349 0.3096551282 0.3273690000
-0.1054334132 -0.6537518522 -0.7493345312 -0.5874870000
0.0000000000 0.0000000000 0.0000000000 1.0000000000
56 56 57
0.3579728589 0.6576332172 -0.6628557609 -0.4494880000
0.8788674124 -0.4770733821 0.0013213963 0.2430890000
-0.3153589692 -0.5830336408 -0.7487528154 -0.5383740000
0.0000000000 0.0000000000 0.0000000000 1.0000000000
57 57 58
0.3457349475 0.7565033502 -0.5551327950 -0.4491870000
0.8880877053 -0.4548159121 -0.0666935875 0.1968520000
-0.3029355817 -0.4699473247 -0.8290875918 -0.5502300000
0.0000000000 0.0000000000 0.0000000000 1.0000000000
58 58 59
0.2174282458 0.7631399454 -0.6085607504 -0.4625290000
0.9160307092 -0.3748471713 -0.1427726272 0.1267210000
-0.3370704718 -0.5264159070 -0.7805629045 -0.5873020000
0.0000000000 0.0000000000 0.0000000000 1.0000000000
59 59 60
0.1784896384 0.7411513087 -0.6471778728 -0.3921650000
0.9364253022 -0.3298891376 -0.1195227463 0.0936748000
-0.3020796497 -0.5846988722 -0.7529153617 -0.5435840000
0.0000000000 0.0000000000 0.0000000000 1.0000000000
60 60 61
0.1104655339 0.7168108452 -0.6884646923 -0.3142870000
0.9234678369 -0.3301203032 -0.1955346573 0.0638685000
-0.3674351295 -0.6141733146 -0.6984198641 -0.4771650000
0.0000000000 0.0000000000 0.0000000000 1.0000000000
61 61 62
0.0720028580 0.6822787194 -0.7275402279 -0.3143560000
0.8901770377 -0.3729822317 -0.2616757425 0.0601852000
-0.4498931824 -0.6287965504 -0.6342058739 -0.3973850000
0.0000000000 0.0000000000 0.0000000000 1.0000000000
62 62 63
0.2022501390 0.7403698346 -0.6410543312 -0.3180750000
0.9450202027 -0.3193045707 -0.0706173445 0.1271940000
-0.2569726913 -0.5915255707 -0.7642445673 -0.5414570000
0.0000000000 0.0000000000 0.0000000000 1.0000000000
63 63 64
0.1816152429 0.7044866604 -0.6860891538 -0.2739980000
0.9422339768 -0.3243570836 -0.0836294874 0.0944495000
-0.2814514428 -0.6312664283 -0.7227004534 -0.4864510000
0.0000000000 0.0000000000 0.0000000000 1.0000000000
64 64 65
0.0566596551 0.6711089437 -0.7391952076 -0.1067570000
0.9589579286 -0.2426281626 -0.1467671614 0.0140484000
-0.2778425100 -0.7005381461 -0.6573144561 -0.2208280000
0.0000000000 0.0000000000 0.0000000000 1.0000000000
65 65 66
0.2074331374 0.6419734499 -0.7381369064 -0.1439290000
0.9688092978 -0.2394015035 0.0640508896 0.0816230000
-0.1355896290 -0.7283982850 -0.6716106773 -0.3101700000
0.0000000000 0.0000000000 0.0000000000 1.0000000000
66 66 67
0.2955248854 0.6284112288 -0.7195604503 0.0050470500
0.9543301389 -0.2287557761 0.1921712522 0.0804773000
-0.0438394804 -0.7434884879 -0.6673153418 -0.1924380000
0.0000000000 0.0000000000 0.0000000000 1.0000000000
67 67 68
0.3414291631 0.5336843077 -0.7736998825 0.1176270000
0.9341156071 -0.2839359753 0.2163719494 0.0001754740
-0.1042040361 -0.7965989252 -0.5954680022 -0.0185177000
0.0000000000 0.0000000000 0.0000000000 1.0000000000
68 68 69
0.3646023129 0.5442706698 -0.7555386302 0.1637470000
0.9221782748 -0.3235191437 0.2119693093 0.0115544000
-0.1290597273 -0.7740240284 -0.6198714906 0.0317969000
0.0000000000 0.0000000000 0.0000000000 1.0000000000
69 69 70
0.3476256478 0.5398921778 -0.7666008382 0.1299910000
0.9268205852 -0.3216795692 0.1937368342 0.0602225000
-0.1420000407 -0.7778475393 -0.6122083620 -0.0156591000
0.0000000000 0.0000000000 0.0000000000 1.0000000000
70 70 71
0.2148171122 0.6132947191 -0.7600838766 0.1754430000
0.9378684432 -0.3466914869 -0.0146689291 0.0175588000
-0.2725081562 -0.7097055599 -0.6496663490 -0.0270472000
0.0000000000 0.0000000000 0.0000000000 1.0000000000
71 71 72
0.1771229648 0.5579175034 -0.8107775021 0.3229510000
0.9662751638 -0.2550545906 0.0355885573 -0.0974897000
-0.1869342300 -0.7897355868 -0.5842792450 0.1461300000
0.0000000000 0.0000000000 0.0000000000 1.0000000000
72 72 73
0.3844357879 0.5488130671 -0.7423059062 0.3741890000
0.9145850988 -0.3357377488 0.2254428849 -0.0901698000
-0.1254907886 -0.7655681646 -0.6310070861 0.2736670000
0.0000000000 0.0000000000 0.0000000000 1.0000000000
73 73 74
0.4591335084 0.4668152514 -0.7558328508 0.4278510000
0.8856274635 -0.3073154031 0.3481800539 -0.0945561000
-0.0697407568 -0.8292459678 -0.5545241172 0.3175050000
0.0000000000 0.0000000000 0.0000000000 1.0000000000
74 74 75
0.5324763327 0.4114138088 -0.7397367508 0.4368250000
0.8447585827 -0.3134622109 0.4337422309 -0.1003300000
-0.0534295757 -0.8558551653 -0.5144573605 0.3272740000
0.0000000000 0.0000000000 0.0000000000 1.0000000000
75 75 76
0.3725619002 0.4561348039 -0.8081723428 0.4266480000
0.9234428106 -0.2685136580 0.2741561674 -0.0872538000
-0.0919503704 -0.8484393138 -0.5212535179 0.3150000000
0.0000000000 0.0000000000 0.0000000000 1.0000000000
76 76 77
0.2697509378 0.5386174876 -0.7982051136 0.4046310000
0.9508637798 -0.2798322919 0.1325219705 -0.1058980000
-0.1519811618 -0.7947296411 -0.5876385521 0.3009540000
0.0000000000 0.0000000000 0.0000000000 1.0000000000
77 77 78
0.1906109048 0.5568755720 -0.8084314213 0.3944880000
0.9560085137 -0.2923655334 0.0240198811 -0.1177280000
-0.2229786699 -0.7774437795 -0.5881072057 0.2935210000
0.0000000000 0.0000000000 0.0000000000 1.0000000000
78 78 79
0.0401818800 0.5928274005 -0.8043306001 0.3412180000
0.9498023031 -0.2726296448 -0.1534843484 -0.1254600000
-0.3102702466 -0.7577846221 -0.5740258742 0.2752540000
0.0000000000 0.0000000000 0.0000000000 1.0000000000
79 79 80
-0.0438018189 0.5887304007 -0.8071474554 0.3616350000
0.9158748887 -0.2990763362 -0.2678392381 -0.1567920000
-0.3990785484 -0.7509734912 -0.5261068626 0.2540590000
0.0000000000 0.0000000000 0.0000000000 1.0000000000
80 80 81
-0.0921732143 0.5434724847 -0.8343545689 0.3632090000
0.8953803375 -0.3213796334 -0.3082469582 -0.1699800000
-0.4356649395 -0.7754739160 -0.4569945183 0.2774040000
0.0000000000 0.0000000000 0.0000000000 1.0000000000
81 81 82
-0.0171814738 0.5831644750 -0.8121765695 0.3722590000
0.9122788983 -0.3233154772 -0.2514421302 -0.1585400000
-0.4092172976 -0.7452483668 -0.5264563245 0.2665380000
0.0000000000 0.0000000000 0.0000000000 1.0000000000
82 82 83
0.1518138312 0.5522114314 -0.8197687567 0.3635810000
0.9512902536 -0.3067997125 -0.0304893565 -0.1250120000
-0.2683377218 -0.7752066063 -0.5718917581 0.2683700000
0.0000000000 0.0000000000 0.0000000000 1.0000000000
83 83 84
0.3405905214 0.6037033005 -0.7207943086 0.3932900000
0.9353989096 -0.2950619952 0.1948722186 -0.0778373000
-0.0950315224 -0.7406001800 -0.6651996081 0.2670830000
0.0000000000 0.0000000000 0.0000000000 1.0000000000
84 84 85
0.5017744496 0.6265405499 -0.5963828422 0.3929940000
0.8635270711 -0.3226111318 0.3876227885 -0.0443846000
0.0504633790 -0.7094909217 -0.7029131222 0.2479370000
0.0000000000 0.0000000000 0.0000000000 1.0000000000
85 85 86
0.4094480961 0.6282684317 -0.6615389948 0.4026760000
0.9123065229 -0.2762325063 0.3023218110 -0.0631073000
0.0072022308 -0.7273104199 -0.6862766911 0.2712970000
0.0000000000 0.0000000000 0.0000000000 1.0000000000
86 86 87
0.3256005226 0.6126163808 -0.7202003370 0.4074950000
0.9445415408 -0.2452014570 0.2184563238 -0.0772565000
-0.0427625210 -0.7513874218 -0.6584799344 0.2814930000
0.0000000000 0.0000000000 0.0000000000 1.0000000000
87 87 88
0.1803550049 0.6159204666 -0.7668900438 0.4046490000
0.9735951740 -0.2227408974 0.0500830368 -0.0949705000
-0.1399671305 -0.7556704654 -0.6398311737 0.2780540000
0.0000000000 0.0000000000 0.0000000000 1.0000000000
88 88 89
0.1828312768 0.6241997801 -0.7595734077 0.4111660000
0.9731044202 -0.2250419577 0.0493001545 -0.0949005000
-0.1401603172 -0.7481559680 -0.6485573341 0.2780440000
0.0000000000 0.0000000000 0.0000000000 1.0000000000
89 89 90
0.2203437806 0.5992674566 -0.7696310309 0.4143360000
0.9657979865 -0.2446198636 0.0860407923 -0.0877435000
-0.1367028070 -0.7622645762 -0.6326729715 0.2774050000
0.0000000000 0.0000000000 0.0000000000 1.0000000000
90 90 91
0.2733740162 0.5871040251 -0.7619579285 0.4210560000
0.9566760578 -0.2484738530 0.1517866260 -0.0876368000
-0.1002094884 -0.7704395648 -0.6295956992 0.2889430000
0.0000000000 0.0000000000 0.0000000000 1.0000000000
91 91 92
0.2755854217 0.5839512320 -0.7635821656 0.4161260000
0.9568195284 -0.2430613018 0.1594509684 -0.0885154000
-0.0924832693 -0.7745509537 -0.6257210585 0.2893040000
0.0000000000 0.0000000000 0.0000000000 1.0000000000
92 92 93
0.3727844957 0.6101888861 -0.6990736813 0.4239310000
0.9279191864 -0.2457001617 0.2803621108 -0.0777496000
-0.0006871279 -0.7531974860 -0.6577996604 0.2876410000
0.0000000000 0.0000000000 0.0000000000 1.0000000000
93 93 94
0.3857849833 0.5988125163 -0.7018530798 0.4340690000
0.9225222654 -0.2596695800 0.2855399296 -0.0734378000
-0.0112625560 -0.7576304851 -0.6525952654 0.2885180000
0.0000000000 0.0000000000 0.0000000000 1.0000000000
94 94 95
0.3943586069 0.5996280154 -0.6963705235 0.4333500000
0.9189531110 -0.2600417059 0.2965005739 -0.0736185000
-0.0032928019 -0.7568577500 -0.6535804809 0.2922210000
0.0000000000 0.0000000000 0.0000000000 1.0000000000
95 95 96
0.4014695904 0.6017749934 -0.6904296074 0.4412090000
0.9158469463 -0.2579305993 0.3077411581 -0.0739445000
0.0071103042 -0.7558750602 -0.6546857593 0.2975770000
0.0000000000 0.0000000000 0.0000000000 1.0000000000
96 96 97
0.4044644002 0.5984219193 -0.6915955838 0.4416430000
0.9145519763 -0.2623304850 0.3078755482 -0.0745455000
0.0028155872 -0.7570230360 -0.6533920974 0.2978460000
0.0000000000 0.0000000000 0.0000000000 1.0000000000
97 97 98
0.4105983026 0.6179184052 -0.6705138765 0.4510390000
0.9118177537 -0.2777484786 0.3024080478 -0.0708837000
0.0006309831 -0.7355535927 -0.6774725056 0.2918170000
0.0000000000 0.0000000000 0.0000000000 1.0000000000
98 98 99
0.3902453444 0.6004476224 -0.6979794498 0.4579950000
0.9201199119 -0.2815507223 0.2722446170 -0.0788627000
-0.0330455345 -0.7484653877 -0.6623584397 0.2957020000
0.0000000000 0.0000000000 0.0000000000 1.0000000000
99 99 100
0.3123857584 0.5532149284 -0.7722515085 0.4476000000
0.9443515806 -0.2690370431 0.1892790662 -0.0812869000
-0.1030497042 -0.7884032698 -0.6064737542 0.2990580000
0.0000000000 0.0000000000 0.0000000000 1.0000000000
100 100 101
0.3367221169 0.5911984279 -0.7328751972 0.4483220000
0.9380795318 -0.2779247791 0.2068119868 -0.0838786000
-0.0814151566 -0.7571319732 -0.6481753198 0.2966620000
0.0000000000 0.0000000000 0.0000000000 1.0000000000
101 101 102
0.3522968461 0.5933427794 -0.7237645589 0.4495540000
0.9340034157 -0.2719901262 0.2316604582 -0.0848405000
-0.0594004209 -0.7576102525 -0.6500062495 0.2940750000
0.0000000000 0.0000000000 0.0000000000 1.0000000000
102 102 103
0.3583687538 0.5887398664 -0.7245416267 0.4493700000
0.9322028425 -0.2678347884 0.2434523190 -0.0814015000
-0.0507253359 -0.7626641074 -0.6448092899 0.2960460000
0.0000000000 0.0000000000 0.0000000000 1.0000000000
103 103 104
0.3679164755 0.4984224170 -0.7849956084 0.4604300000
0.9288366874 -0.2366293871 0.2850961025 -0.0805902000
-0.0436511072 -0.8340218665 -0.5500142744 0.3141870000
0.0000000000 0.0000000000 0.0000000000 1.0000000000
104 104 105
0.3698067801 0.4543990273 -0.8104133605 0.4631620000
0.9280301220 -0.2227288587 0.2986006024 -0.0806031000
-0.0448149924 -0.8625101455 -0.5040641064 0.3188150000
0.0000000000 0.0000000000 0.0000000000 1.0000000000
105 105 106
0.3710606135 0.4613467850 -0.8059020219 0.4611150000
0.9276565597 -0.2235080880 0.2991771738 -0.0813489000
-0.0420978869 -0.8586109818 -0.5109077511 0.3160330000
0.0000000000 0.0000000000 0.0000000000 1.0000000000
106 106 107
0.3713398835 0.5046803392 -0.7793639720 0.4580530000
0.9277556611 -0.2352641162 0.2897026177 -0.0786653000
-0.0371467224 -0.8306358580 -0.5555839121 0.3126060000
0.0000000000 0.0000000000 0.0000000000 1.0000000000
107 107 108
0.3695114626 0.5757267160 -0.7293864308 0.4562170000
0.9283422562 -0.2630035653 0.2627144274 -0.0783095000
-0.0405767464 -0.7741943964 -0.6316552128 0.2920560000
0.0000000000 0.0000000000 0.0000000000 1.0000000000
108 108 109
0.4703800203 0.6346304493 -0.6131794271 0.4812220000
0.8778437556 -0.2654894839 0.3986362814 -0.0652674000
0.0901951093 -0.7257855998 -0.6819875588 0.3042290000
0.0000000000 0.0000000000 0.0000000000 1.0000000000
109 109 110
0.2969703818 0.5935702357 -0.7479878135 0.4632370000
0.9465956164 -0.2860108048 0.1488612883 -0.0846672000
-0.1255712260 -0.7522481768 -0.6468084030 0.2996320000
0.0000000000 0.0000000000 0.0000000000 1.0000000000
110 110 111
0.0649175767 0.6949414433 -0.7161322080 0.4279560000
0.9411097892 -0.2812683900 -0.1876296828 -0.1539220000
-0.3318151798 -0.6617770951 -0.6722764003 0.2906680000
0.0000000000 0.0000000000 0.0000000000 1.0000000000
111 111 112
-0.1223275825 0.5727485981 -0.8105573885 0.3994140000
0.9027591043 -0.2751421671 -0.3306541821 -0.2254910000
-0.4123957277 -0.7721821236 -0.4833999047 0.3329540000
0.0000000000 0.0000000000 0.0000000000 1.0000000000
112 112 113
-0.0777497174 0.6025153660 -0.7943131253 0.3982450000
0.9119499826 -0.2789735823 -0.3008731942 -0.2242760000
-0.4028713646 -0.7477651259 -0.5277749625 0.3228560000
0.0000000000 0.0000000000 0.0000000000 1.0000000000
113 113 114
-0.0395667259 0.6207464654 -0.7830164455 0.4049030000
0.9107260891 -0.3000183672 -0.2838574309 -0.2151740000
-0.4111191055 -0.7243416846 -0.5534616965 0.3238360000
0.0000000000 0.0000000000 0.0000000000 1.0000000000
114 114 115
-0.0027890944 0.6337971242 -0.7734994363 0.4141770000
0.9131732001 -0.3136498797 -0.2602861427 -0.2070570000
-0.4075719312 -0.7070610829 -0.5778946771 0.3206970000
0.0000000000 0.0000000000 0.0000000000 1.0000000000
115 115 116
0.0288421327 0.6609434117 -0.7498853186 0.4189760000
0.9209019542 -0.3093221167 -0.2372078831 -0.2016850000
-0.3887335532 -0.6837264040 -0.6175876549 0.3172030000
0.0000000000 0.0000000000 0.0000000000 1.0000000000
116 116 117
0.1465263494 0.7042069393 -0.6947131495 0.4198720000
0.9574839639 -0.2774012015 -0.0792378494 -0.1644310000
-0.2485120366 -0.6535646598 -0.7149143496 0.3014760000
0.0000000000 0.0000000000 0.0000000000 1.0000000000
117 117 118
0.1778605034 0.7094754364 -0.6819195435 0.4223380000
0.9649872614 -0.2615151531 -0.0203856398 -0.1667660000
-0.1927932674 -0.6544162239 -0.7311488364 0.2954560000
0.0000000000 0.0000000000 0.0000000000 1.0000000000
118 118 119
0.2155766947 0.7237519102 -0.6555257776 0.4310300000
0.9594196287 -0.2819628753 0.0042131549 -0.1494580000
-0.1817824211 -0.6298308877 -0.7551672436 0.2937740000
0.0000000000 0.0000000000 0.0000000000 1.0000000000
119 119 120
0.3092863470 0.8274214073 -0.4687411801 0.4411550000
0.9350637800 -0.3543828283 -0.0085724452 -0.1337820000
-0.1732056771 -0.4356507479 -0.8832978548 0.2657820000
0.0000000000 0.0000000000 0.0000000000 1.0000000000
120 120 121
0.3818686104 0.8200221770 -0.4263117346 0.4546580000
0.9221027636 -0.3692308595 0.1157533363 -0.1240250000
-0.0624864726 -0.4373053518 -0.8971425151 0.2722450000
0.0000000000 0.0000000000 0.0000000000 1.0000000000
121 121 122
0.4606511085 0.7799979983 -0.4235632542 0.4661350000
0.8873492832 -0.3937735897 0.2399149215 -0.0975763000
0.0203459397 -0.4863651330 -0.8735230243 0.2767110000
0.0000000000 0.0000000000 0.0000000000 1.0000000000
122 122 123
0.4351808162 0.7658704987 -0.4733512068 0.4875020000
0.9000150041 -0.3558425975 0.2516986839 -0.0880705000
0.0243306017 -0.5355572932 -0.8441509020 0.2912020000
0.0000000000 0.0000000000 0.0000000000 1.0000000000
123 123 124
0.4385051133 0.7679198194 -0.4669211061 0.4873330000
0.8979438502 -0.3526275287 0.2633584262 -0.0867324000
0.0375900291 -0.5347522508 -0.8441780344 0.2848880000
0.0000000000 0.0000000000 0.0000000000 1.0000000000
124 124 125
0.3611848410 0.7792616120 -0.5121515503 0.4854600000
0.9260780905 -0.3640831145 0.0991357400 -0.1017210000
-0.1092119073 -0.5100978972 -0.8531586840 0.2728610000
0.0000000000 0.0000000000 0.0000000000 1.0000000000
125 125 126
0.3428518883 0.7899105902 -0.5084251572 0.4836370000
0.9338380294 -0.3453548200 0.0931734308 -0.0951577000
-0.1019873316 -0.5067307104 -0.8560543572 0.2723700000
0.0000000000 0.0000000000 0.0000000000 1.0000000000
126 126 127
0.3485061211 0.8037902009 -0.4821489680 0.4853030000
0.9335668208 -0.3435871904 0.1020130966 -0.0994077000
-0.0836618526 -0.4856696343 -0.8701343729 0.2692880000
0.0000000000 0.0000000000 0.0000000000 1.0000000000
127 127 128
0.3508115902 0.8166894131 -0.4582051337 0.4759350000
0.9356820579 -0.3254782726 0.1362633670 -0.1017850000
-0.0378500822 -0.4765364845 -0.8783433528 0.2670860000
0.0000000000 0.0000000000 0.0000000000 1.0000000000
128 128 129
0.3748160339 0.7763537934 -0.5067446537 0.4829110000
0.9258089183 -0.3422792073 0.1603994321 -0.1023510000
-0.0489203772 -0.5292682860 -0.8470472332 0.2686620000
0.0000000000 0.0000000000 0.0000000000 1.0000000000
129 129 130
0.3624413528 0.7746776995 -0.5181835803 0.4773220000
0.9298129555 -0.3386936126 0.1440202889 -0.1067610000
-0.0639345671 -0.5340116456 -0.8430622975 0.2700960000
0.0000000000 0.0000000000 0.0000000000 1.0000000000
130 130 131
0.3622424405 0.7747934072 -0.5181489185 0.4787070000
0.9309220538 -0.3285062124 0.1596040285 -0.1054560000
-0.0465537893 -0.5401707993 -0.8402714298 0.2717580000
0.0000000000 0.0000000000 0.0000000000 1.0000000000
131 131 132
0.3813410437 0.7670288738 -0.5159924898 0.4909070000
0.9236334951 -0.3393876862 0.1781085405 -0.0895793000
-0.0385059682 -0.5445072930 -0.8378762602 0.2732930000
0.0000000000 0.0000000000 0.0000000000 1.0000000000
132 132 133
0.3737587569 0.6853081240 -0.6250284372 0.4916640000
0.9234529985 -0.3380405830 0.1815773849 -0.0894464000
-0.0868465989 -0.6450492712 -0.7591960237 0.2808710000
0.0000000000 0.0000000000 0.0000000000 1.0000000000
133 133 134
0.3394264320 0.5485136724 -0.7641504493 0.4889360000
0.9387395760 -0.2490745124 0.2381941219 -0.0894613000
-0.0596755100 -0.7981861828 -0.5994547779 0.3126710000
0.0000000000 0.0000000000 0.0000000000 1.0000000000
134 134 135
0.3348910959 0.3317273056 -0.8819360479 0.5044790000
0.9410560033 -0.1650599074 0.2952621938 -0.0934686000
-0.0476213870 -0.9288289182 -0.3674532377 0.3462620000
0.0000000000 0.0000000000 0.0000000000 1.0000000000
135 135 136
0.3471642342 0.3466416311 -0.8713901448 0.4999050000
0.9359255715 -0.1868911786 0.2985341971 -0.0938737000
-0.0593677487 -0.9191947137 -0.3893141520 0.3386860000
0.0000000000 0.0000000000 0.0000000000 1.0000000000
136 136 137
0.3880387806 0.3841138533 -0.8377865099 0.5194790000
0.9164719400 -0.2569965963 0.3066589387 -0.0882708000
-0.0975134434 -0.8868015952 -0.4517555039 0.3338660000
0.0000000000 0.0000000000 0.0000000000 1.0000000000
137 137 138
0.3730166073 0.5066573507 -0.7772778260 0.5222590000
0.9147887991 -0.3407829816 0.2168794776 -0.0924589000
-0.1549965896 -0.7919429170 -0.5906033478 0.3377960000
0.0000000000 0.0000000000 0.0000000000 1.0000000000
138 138 139
0.3645840870 0.7059578617 -0.6072104392 0.4031820000
0.9137987580 -0.3966278629 0.0875433099 -0.1542790000
-0.1790330970 -0.5867840307 -0.7897081158 0.2074320000
0.0000000000 0.0000000000 0.0000000000 1.0000000000
139 139 140
0.3301204959 0.7129601878 -0.6186362341 0.3498260000
0.9382056186 -0.3199605429 0.1319110125 -0.0984586000
-0.1038905037 -0.6239535789 -0.7745291987 0.1441650000
0.0000000000 0.0000000000 0.0000000000 1.0000000000
140 140 141
0.2404264110 0.7216789241 -0.6491371494 0.3408210000
0.9651915022 -0.2486989726 0.0810022527 -0.0214317000
-0.1029799612 -0.6460151169 -0.7563528905 0.0374435000
0.0000000000 0.0000000000 0.0000000000 1.0000000000
141 141 142
0.2279964775 0.7294887974 -0.6448776212 0.3564810000
0.9651975462 -0.2564902214 0.0511084247 -0.0113653000
-0.1281200555 -0.6340855374 -0.7625802576 0.0176781000
0.0000000000 0.0000000000 0.0000000000 1.0000000000
142 142 143
0.1883015187 0.6877421810 -0.7011115778 0.3409560000
0.9764544526 -0.2076309236 0.0585864410 -0.0452806000
-0.1052779845 -0.6956337841 -0.7106469345 0.0569885000
0.0000000000 0.0000000000 0.0000000000 1.0000000000
143 143 144
0.1969850059 0.6976987218 -0.6887793765 0.3451580000
0.9764378418 -0.2027825868 0.0738498370 -0.0495775000
-0.0881457715 -0.6870961730 -0.7212052061 0.0621927000
0.0000000000 0.0000000000 0.0000000000 1.0000000000
144 144 145
0.2096569081 0.6888220757 -0.6939537593 0.3496490000
0.9736100021 -0.2125262761 0.0831974082 -0.0476114000
-0.0901733658 -0.6930818082 -0.7152023363 0.0672099000
0.0000000000 0.0000000000 0.0000000000 1.0000000000
145 145 146
0.1994423607 0.6683045511 -0.7166558194 0.3517690000
0.9756898328 -0.2032527320 0.0819961960 -0.0523057000
-0.0908619100 -0.7155858111 -0.6925958974 0.0775952000
0.0000000000 0.0000000000 0.0000000000 1.0000000000
146 146 147
0.1852226980 0.6545035595 -0.7330215927 0.3558710000
0.9732549309 -0.2253419489 0.0447255663 -0.0498159000
-0.1359058656 -0.7216998181 -0.6787379284 0.0829843000
0.0000000000 0.0000000000 0.0000000000 1.0000000000
147 147 148
0.1123027257 0.6530664428 -0.7489310089 0.3535570000
0.9678594021 -0.2425845694 -0.0663955954 -0.0583361000
-0.2250369138 -0.7174011559 -0.6593208210 0.0796827000
0.0000000000 0.0000000000 0.0000000000 1.0000000000
148 148 149
0.4210215338 0.6567787490 -0.6256081871 0.3418040000
0.9070352172 -0.3090888933 0.2859337185 -0.0033967700
-0.0055716839 -0.6878318482 -0.7258549640 0.0466897000
0.0000000000 0.0000000000 0.0000000000 1.0000000000
149 149 150
0.5650631620 0.5517074190 -0.6134536113 0.3137090000
0.8099658951 -0.2294276233 0.5397463210 0.0156478000
0.1570403077 -0.8018664266 -0.5765055731 0.0934902000
0.0000000000 0.0000000000 0.0000000000 1.0000000000
150 150 151
0.2933429373 0.5397186904 -0.7890871249 0.3115520000
0.9466234509 -0.2793664232 0.1608328202 -0.0064736700
-0.1336368124 -0.7941453829 -0.5928618812 0.0903615000
0.0000000000 0.0000000000 0.0000000000 1.0000000000
151 151 152
0.2106059533 0.4960258859 -0.8423824395 0.3179500000
0.9689491354 -0.2201342302 0.1126312189 -0.0341878000
-0.1295663030 -0.8399443666 -0.5269868758 0.1242260000
0.0000000000 0.0000000000 0.0000000000 1.0000000000
152 152 153
0.1003243807 0.5164260256 -0.8504392381 0.3216810000
0.9517900780 -0.2988625289 -0.0691952309 -0.0491798000
-0.2898937477 -0.8024939207 -0.5215152696 0.1228100000
0.0000000000 0.0000000000 0.0000000000 1.0000000000
153 153 154
0.1749555475 0.5228715458 -0.8342678627 0.3364480000
0.9691633390 -0.2408229886 0.0523181019 -0.0443797000
-0.1735509799 -0.8176919395 -0.5488834328 0.1290360000
0.0000000000 0.0000000000 0.0000000000 1.0000000000
154 154 155
0.2092746706 0.5448925989 -0.8119741974 0.3398330000
0.9677015054 -0.2347869660 0.0918593289 -0.0429606000
-0.1405839184 -0.8049698103 -0.5764300370 0.1314540000
0.0000000000 0.0000000000 0.0000000000 1.0000000000
155 155 156
0.2508501616 0.5516936114 -0.7954322764 0.3613430000
0.9595264199 -0.2503754614 0.1289500119 -0.0366444000
-0.1280132673 -0.7955835690 -0.5921724492 0.1292500000
0.0000000000 0.0000000000 0.0000000000 1.0000000000
156 156 157
0.2598680596 0.5523434394 -0.7920792174 0.3576020000
0.9569543246 -0.2571181346 0.1346691066 -0.0401720000
-0.1292717378 -0.7929779774 -0.5953853658 0.1315800000
0.0000000000 0.0000000000 0.0000000000 1.0000000000
157 157 158
0.2753123946 0.5572761967 -0.7833577845 0.3612840000
0.9561140316 -0.2437062635 0.1626607605 -0.0437770000
-0.1002603433 -0.7937605464 -0.5999157323 0.1371500000
0.0000000000 0.0000000000 0.0000000000 1.0000000000
158 158 159
0.2818325152 0.5549176139 -0.7827142075 0.3647200000
0.9531569267 -0.2553336267 0.1621873910 -0.0380020000
-0.1098497243 -0.7917571082 -0.6008860933 0.1354660000
0.0000000000 0.0000000000 0.0000000000 1.0000000000
159 159 160
0.2848616872 0.5540878929 -0.7822050354 0.3676470000
0.9520465249 -0.2585890149 0.1635441478 -0.0394735000
-0.1116491154 -0.7912811642 -0.6011806738 0.1326760000
0.0000000000 0.0000000000 0.0000000000 1.0000000000
160 160 161
0.2867937663 0.5617728018 -0.7759929082 0.3690860000
0.9518022021 -0.2590459917 0.1642419002 -0.0401332000
-0.1087485288 -0.7856934217 -0.6089904704 0.1340290000
0.0000000000 0.0000000000 0.0000000000 1.0000000000
161 161 162
0.2847343783 0.5704320735 -0.7704144398 0.3653230000
0.9528103189 -0.2566793160 0.1621009049 -0.0418146000
-0.1052789421 -0.7802124434 -0.6166001900 0.1334420000
0.0000000000 0.0000000000 0.0000000000 1.0000000000
162 162 163
0.2805613911 0.5611543691 -0.7787139114 0.3691300000
0.9545451697 -0.2482112071 0.1650519141 -0.0406458000
-0.1006633039 -0.7896229413 -0.6052867508 0.1338150000
0.0000000000 0.0000000000 0.0000000000 1.0000000000
163 163 164
0.2522201168 0.5372060370 -0.8048594098 0.3614320000
0.9624579129 -0.2254977911 0.1511027454 -0.0440117000
-0.1003183013 -0.8127526977 -0.5739143440 0.1375990000
0.0000000000 0.0000000000 0.0000000000 1.0000000000
164 164 165
0.3107311537 0.6160811262 -0.7238053421 0.3791450000
0.9397655299 -0.3132573147 0.1368144044 -0.0424353000
-0.1424460463 -0.7227181182 -0.6763115539 0.1177820000
0.0000000000 0.0000000000 0.0000000000 1.0000000000
165 165 166
0.3064186420 0.6444392922 -0.7005772725 0.3775640000
0.9463690152 -0.2854573924 0.1513444395 -0.0459548000
-0.1024509790 -0.7093782143 -0.6973474339 0.1261980000
0.0000000000 0.0000000000 0.0000000000 1.0000000000
166 166 167
0.3048508818 0.6406163722 -0.7047555660 0.3765520000
0.9484833862 -0.2712710553 0.1637016736 -0.0484691000
-0.0863076492 -0.7183520276 -0.6903119619 0.1256150000
0.0000000000 0.0000000000 0.0000000000 1.0000000000
167 167 168
0.2769290218 0.6461307017 -0.7112164138 0.3506670000
0.9576793662 -0.2460718384 0.1493474533 -0.0456987000
-0.0785105240 -0.7224745993 -0.6869311289 0.1027150000
0.0000000000 0.0000000000 0.0000000000 1.0000000000
168 168 169
0.2677944772 0.6359182547 -0.7238073972 0.3367830000
0.9491170181 -0.3033424301 0.0846504414 -0.0497536000
-0.1657288770 -0.7096455346 -0.6847949973 0.0780399000
0.0000000000 0.0000000000 0.0000000000 1.0000000000
169 169 170
0.1751313803 0.6135174497 -0.7700188297 0.2730770000
0.9565336131 -0.2912704667 -0.0145152024 0.0065776900
-0.2331868485 -0.7340051655 -0.6378617226 0.0048721400
0.0000000000 0.0000000000 0.0000000000 1.0000000000
170 170 171
0.2723148838 0.6016201739 -0.7509340093 0.2650090000
0.9480809398 -0.3010209471 0.1026463819 -0.0089995200
-0.1642901442 -0.7398965566 -0.6523581685 0.0435664000
0.0000000000 0.0000000000 0.0000000000 1.0000000000
171 171 172
0.3045883961 0.6506144349 -0.6956517186 0.1031490000
0.9471284409 -0.2842491095 0.1488575107 -0.0140186000
-0.1008869319 -0.7042099822 -0.7027953210 -0.1170920000
0.0000000000 0.0000000000 0.0000000000 1.0000000000
172 172 173
0.2278707975 0.6320315697 -0.7406862402 -0.0115819000
0.9536572594 -0.2984011730 0.0387707048 0.0172641000
-0.1965142311 -0.7151932822 -0.6707397313 -0.2498110000
0.0000000000 0.0000000000 0.0000000000 1.0000000000
173 173 174
0.2256418079 0.6868654453 -0.6908742818 -0.0843401000
0.9456402817 -0.3249201726 -0.0141769823 0.0270851000
-0.2342133020 -0.6501172120 -0.7228445790 -0.3227890000
0.0000000000 0.0000000000 0.0000000000 1.0000000000
174 174 175
0.1173283207 0.6989491922 -0.7054832944 -0.1466430000
0.9354464748 -0.3162991384 -0.1577929191 0.0220534000
-0.3334314692 -0.6414271115 -0.6909411490 -0.3305360000
0.0000000000 0.0000000000 0.0000000000 1.0000000000
175 175 176
0.1951741955 0.6609576996 -0.7246011399 -0.2225710000
0.9460669698 -0.3216770101 -0.0385897620 0.1067990000
-0.2585907604 -0.6779873158 -0.6880946232 -0.4405380000
0.0000000000 0.0000000000 0.0000000000 1.0000000000
176 176 177
0.3005222241 0.6477587170 -0.7000697511 -0.2379770000
0.9164558249 -0.3994322200 0.0238298667 0.1740140000
-0.2641926057 -0.6487432359 -0.7136812297 -0.4906130000
0.0000000000 0.0000000000 0.0000000000 1.0000000000
177 177 178
0.4583334004 0.5529487795 -0.6958319194 -0.2833410000
0.8795496897 -0.3947470464 0.2656637030 0.2134550000
-0.1277761954 -0.7337796039 -0.6672726571 -0.4552390000
0.0000000000 0.0000000000 0.0000000000 1.0000000000
178 178 179
