-0.004522486871389348 -0.9994674110100717 -0.032318827135900265 0.008322421255264008 0.5668066123247882 0.024063961334724333 -0.8234993947608535 -0.055301891756318576 0.8238385014402159 -0.022042762755787183 0.5663958583055402 0.021981266288149698 -0.0 0.0 -0.0 1.0
-0.0005347942461613627 -0.9995845461746878 -0.028775392228977244 0.0032197347659557113 0.5670502954367923 0.02339918949868433 -0.8233493016180199 -0.05381055532719891 0.8236815225521162 -0.016758435640539946 0.5668040701044408 0.013062710553943488 -0.0 0.0 -0.0 1.0
-0.0018165182326710134 -0.9995445522414087 -0.03014880274269007 0.009665017532061856 0.5681985135560924 0.023777213174967494 -0.8225488528858602 -0.054082631947058264 0.82289046135932 -0.018624024123888534 0.5678953318685593 0.017570704398012275 -0.0 0.0 -0.0 1.0
-0.001620566706615019 -0.9995792054255164 -0.028968187065061244 0.007534809983120538 0.5679357567869338 0.022922875466067732 -0.8227538386282447 -0.05373139940223674 0.8230715157379974 -0.017785241424963055 0.5676593388453302 0.02166504321890391 -0.0 0.0 -0.0 1.0
-0.003494544879064803 -0.9995895407585028 -0.028399015695707384 0.007605316505768415 0.5665850390399926 0.021422213182225494 -0.8237235571583021 -0.06082728508080073 0.8239946283603574 -0.018969850479118852 0.5662791873796921 0.01727814683808738 -0.0 0.0 -0.0 1.0
-0.0032236450462909036 -0.999667585749948 -0.025556175422547733 0.006668780857108718 0.5735335418302443 0.01908719161994037 -0.8189589576717565 -0.05758432866913413 0.8191749974559238 -0.01729786025406804 0.5732822984651533 0.015863026684172055 -0.0 0.0 -0.0 1.0
-0.0030098356486540183 -0.9996482595985576 -0.026338988865675556 0.007998490840880487 0.5669173719566681 0.01999181617281471 -0.8235317101962348 -0.05555721775862165 0.823768825958694 -0.017410958319092566 0.5666582214108266 0.02134342437851062 -0.0 0.0 -0.0 1.0
-0.005669659261874846 -0.9995932717698195 -0.02798323835172719 0.007900873210681681 0.5773882231014845 0.019574897116154132 -0.8162361977870625 -0.055254030841861985 0.8164512295677703 -0.020784176228805063 0.5770409113784155 0.02519336241071392 -0.0 0.0 -0.0 0.9999999999999999
-0.0009490774143900749 -0.9996406357858596 -0.026793265187506042 0.007683908475439017 0.5763153176330889 0.02134938698192095 -0.8169486120632261 -0.05791252412930125 0.8172269784766707 -0.016216641486522482 0.5760878080267351 0.017804795861600792 -0.0 0.0 -0.0 0.9999999999999999
-0.002794295317852042 -0.9996523226056521 -0.026203509883532854 0.008548952654238018 0.568283908812131 0.019973898749266708 -0.8225896052253046 -0.059830278698492445 0.8228273142214811 -0.017189927053311856 0.5680311364889006 0.01902769656209519 -0.0 0.0 -0.0 1.0
-0.002786315072643093 -0.9996473896737018 -0.026421737641216515 0.00636416741828275 0.5783333204785218 0.019943889467786094 -0.8155572142430442 -0.056179050494261085 0.8157962873264049 -0.017552648491209646 0.5780732205725737 0.023523911524665615 -0.0 0.0 -0.0 1.0
-0.005807204670429834 -0.9998217996859113 -0.017986118896503884 0.011627211823101872 0.5753555337842968 0.011370134318530466 -0.8178249021603713 -0.06173232891582944 0.8178833299830771 -0.0150973354243278 0.5751863091345267 0.017397001607351234 -0.0 0.0 -0.0 1.0
-0.00014800554155135678 -0.9996726799110001 -0.02559811201041634 0.010834103725971616 0.5759686077221469 0.020840360964259355 -0.8172065704358152 -0.05849652285915479 0.8174722584492624 -0.01486434708141001 0.5757764122753042 0.020347151497041766 -0.0 0.0 -0.0 0.9999999999999999
-0.002257269856325785 -0.9996404367502798 -0.02669956494586999 0.005126982132316431 0.5729204924314643 0.020590720362788088 -0.8193516461225325 -0.058245274105807314 0.8196072101742271 -0.017146657592642427 0.5726688151127803 0.021672730660561638 -0.0 0.0 -0.0 1.0
-0.0018501614095704317 -0.9995965923192052 -0.02832745374278505 0.007309743334523725 0.5739261483320793 0.022136302497519068 -0.8186073504213703 -0.06566178635199615 0.8189044927001796 -0.01777274978905741 0.5736542749190988 0.01734375630781224 -0.0 0.0 -0.0 1.0
-0.0005580907061402357 -0.9996137398199241 -0.02782358813741909 0.007766448351805567 0.5766148317962992 0.02241021212448899 -0.8167099622375105 -0.06475415639069015 0.8170172070394904 -0.016498420653439635 0.5763779761056935 0.016096889195603432 -0.0 0.0 -0.0 1.0
-0.0003348383816181857 -0.9996299829412629 -0.02719932229478347 0.008418072004133595 0.5761060429813464 0.02203921089723894 -0.8170777918833421 -0.06274371809194328 0.8173749035931055 -0.015943275404313652 0.5758854804143344 0.01780817213998031 -0.0 0.0 -0.0 1.0
-0.0027546031137118043 -0.9996315773310882 -0.026990816584283556 0.006080259373456112 0.5779843477390256 0.020434422133700645 -0.815791593966255 -0.06308011485043234 0.8160428225978049 -0.017847708223098648 0.5777155968837102 0.01979099146520991 -0.0 0.0 -0.0 1.0
-0.0013934297727445132 -0.9995889312618049 -0.028655604678235407 0.009954307023819947 0.576144906286048 0.022618882043970435 -0.8170352032735713 -0.06564555863825998 0.8173470635289426 -0.01764779636067278 0.5758756862777887 0.022985427283192264 -0.0 0.0 -0.0 0.9999999999999999
-0.00047448454889763276 -0.9995887087470584 -0.02869191682043835 0.005880590023676478 0.5765615990639708 0.02316916712516952 -0.8167257345503934 -0.06810736647473004 0.8170541813404055 -0.016929748822861714 0.5763126650314845 0.019683797779639 -0.0 0.0 -0.0 1.0
-0.0010286199363372295 -0.9995934979376999 -0.02847436510766481 0.009879638873427443 0.5765603532612734 0.022672498622419858 -0.8167393396612811 -0.06952528240898069 0.8170533088354395 -0.01725771734875447 0.576303428785372 0.020621342358415517 -0.0 0.0 -0.0 1.0
-0.0006937220182177133 -0.9996678637930438 -0.02573089937025105 0.008195457738686733 0.577113974010216 0.02061359755405071 -0.8164024576606098 -0.0596133806018872 0.8166623402883212 -0.015416683691718518 0.576909239570499 0.01285179536597126 -0.0 0.0 -0.0 1.0
-0.0011198844451144178 -0.9996098108856828 -0.027916142650864416 0.010348545199838998 0.5771634712222415 0.02215095406737687 -0.8163283617228951 -0.06663977829869495 0.8166280749292517 -0.01702622995769811 0.5769131980969094 0.01854518348308731 -0.0 0.0 -0.0 1.0
-0.000554515294619703 -0.9996331886990951 -0.02710378040487613 0.00932260780522352 0.57682415623201 0.021820186202982397 -0.8165777210801947 -0.06561603295768315 0.8168690345587118 -0.01608632323788261 0.5765993561578776 0.02177253902013763 -0.0 0.0 -0.0 1.0
-0.002112444542897647 -0.9996235647451516 -0.027342356654507183 0.010514823253695888 0.5768442463213621 0.021116779904198846 -0.816580767827298 -0.0611241969885524 0.8168510213232724 -0.017497538230351446 0.5765830082167951 0.02469468870522125 -0.0 0.0 -0.0 1.0
-0.005952864915181182 -0.9991621494234518 -0.04050167117952515 0.008010248670738117 0.5829640185535818 0.029440126162776248 -0.8119649167863329 -0.0641910167343972 0.8124766700427011 -0.028444190658489913 0.5822996911450834 0.024098414649163714 -0.0 0.0 -0.0 1.0
-0.21544854632428131 -0.9530543097414134 -0.2127725721928203 0.1026427854381261 0.34091039688798397 0.13077193139777998 -0.9309569150632231 0.16968498908501775 0.9150763826259193 -0.2731083285742787 0.29672993155505784 0.22290108602456937 -0.0 0.0 -0.0 1.0
-0.27808600756033647 -0.9202807012931247 -0.2752400627274464 0.4778642012636448 0.46461386929659804 0.12192412113637562 -0.8770816564438197 0.49451155811753883 0.8407185103455224 -0.3717818050573842 0.3936664574899497 0.34124686218554456 -0.0 0.0 -0.0 1.0
-0.26036836774643357 -0.9438259696474786 -0.20347972853551205 0.6980355050378448 0.5326848064246482 0.03534858208087797 -0.845576598596365 0.626520619726794 0.8052691214049342 -0.3285504923713336 0.4935559551903175 0.07371467746841728 -0.0 0.0 -0.0 1.0
-0.3070636081942587 -0.9250967203164902 -0.22340603055689234 0.8444175210433982 0.5797350359400378 0.004339209813488957 -0.8147945617591598 0.6490744314233413 0.7547327238943614 -0.3797090303466142 0.5349769810789385 -0.1389388858588505 -0.0 0.0 -0.0 1.0
-0.24660947784446466 -0.95444740412013 -0.16797622883451124 0.8180957504144994 0.608407242253748 -0.0175615871815872 -0.7934317415377595 0.6677738223515215 0.7543384440472708 -0.2978648245051659 0.5850220129215048 -0.3786500553449973 -0.0 0.0 -0.0 0.9999999999999999
-0.3227741997085322 -0.9220518442802659 -0.21364130010124743 0.6676661347186469 0.533975530464349 0.008968840834618842 -0.845454749196776 0.6042447586907805 0.7814680681250661 -0.3869676944560246 0.4894545365163336 -0.3688351527033936 -0.0 0.0 -0.0 1.0
-0.44905887304395425 -0.8393517761695415 -0.30630921613705664 0.8238912860628109 0.3818419479563668 0.12966043806134184 -0.9150842905170912 0.4624308131214528 0.8077954362522503 -0.5278931025566136 0.26227967090692145 -0.3002681252963698 -0.0 0.0 -0.0 1.0
-0.6692124898416452 -0.5965532459677799 -0.4430190667877858 1.0367814947847989 0.4700107259581439 0.12194606201170605 -0.8741923417811305 0.3735968120946425 0.575527224730591 -0.7932506272325179 0.19878538242771432 -0.25766632550802226 -0.0 0.0 -0.0 1.0
-0.843427024814525 0.027694597696414146 -0.5365172861247812 1.168899988626402 0.5290446891900659 0.21650193149711597 -0.8205078169662012 0.21251093589248332 0.09343182467129908 -0.9758864534688569 -0.19725019350857062 0.5214968611255116 0.0 0.0 0.0 1.0
-0.8139460093826197 0.22286811478955634 -0.5364798683268578 1.001563960794021 0.5745310415480677 0.1721255169215906 -0.8001761346483299 0.14705572320056584 -0.08599376761526101 -0.9595298679598275 -0.26814134445611226 0.9135658190289847 0.0 -0.0 0.0 1.0
-0.6876491876152614 0.5623319915220282 -0.45925479953670745 0.5317011368329685 0.6170672171029212 0.11935626055614011 -0.7778038418870129 0.1233828884891743 -0.382570632842096 -0.8182502662367225 -0.4290697277175104 1.2683879046285385 0.0 -0.0 0.0 1.0
-0.6499879119285887 0.6546292513344648 -0.3859637777107962 0.1867230497434556 0.5812592820376256 0.10110050008367753 -0.8074105881096939 0.1649554706289412 -0.48953563863256067 -0.7491560277950099 -0.44622068492900674 1.399782299285871 0.0 -0.0 0.0 1.0
-0.8305185790829676 0.11568799695931824 -0.5448375612663028 1.1833785683794722 0.5569083701285025 0.15631341977556212 -0.815730261452221 0.07968889730971951 -0.0092058685598404 -0.9809072736505837 -0.19424589895635178 1.1880467458276194 0.0 -0.0 0.0 1.0
-0.81518791766075 0.3298859742872784 -0.4760596018357154 0.4226403077641036 0.5337266153520791 0.10866111320808103 -0.838643656885206 0.16767448852513792 -0.22492976817347946 -0.9377433162763879 -0.2646437194084551 1.573536207511914 0.0 -0.0 0.0 1.0
-0.8451221157969978 0.2648033374787075 -0.464365433002654 0.11146401380427799 0.506174590337342 0.11710385890385173 -0.8544401481102264 0.1739767856227103 -0.1718817819855514 -0.9571624079612074 -0.23299869896489853 1.6592976230280305 0.0 -0.0 0.0 1.0
-0.7870996949332153 0.3380352630472939 -0.5159415453723214 -0.2212882267780672 0.560350097161877 0.04224535239119608 -0.8271743728928698 0.2872988917078522 -0.2578202589050716 -0.9401818098451298 -0.22266490220995303 1.7814231137885659 0.0 -0.0 0.0 1.0
-0.7380814401799991 0.4440661991351074 -0.5079662207230945 -0.7932435979835207 0.5741911924401689 0.018068742707343044 -0.8185179298688927 0.3859908766591144 -0.35430064231131886 -0.8958082036646315 -0.2683103779131117 1.784485227029703 0.0 -0.0 0.0 1.0
-0.8351675466287274 0.3254110382176743 -0.44338679574960377 -0.8726378250142148 0.4813115539762442 0.04235610243240996 -0.8755223708045468 0.31430366244955915 -0.266126628625592 -0.9446205005068402 -0.19199374805483693 1.9588842771247825 0.0 -0.0 0.0 1.0
-0.7801812334875099 0.42509414141896495 -0.4589119793641886 -1.370535716834197 0.4988806179323339 -0.019760205998254742 -0.8664414486734857 0.49552292932654696 -0.37739019981270766 -0.9049296247925863 -0.1966492782361735 1.8970125642568991 0.0 -0.0 0.0 1.0
-0.7292814034582888 0.49353519766294907 -0.47388189826309923 -1.7017739755131984 0.5327298638008867 -0.025024448200513916 -0.8459126257345326 0.5392148253642537 -0.42934827002855186 -0.8693631502090263 -0.24466776105471005 1.7972215430232679 0.0 -0.0 0.0 1.0
-0.7864928289858792 0.387449158844336 -0.48093288037356424 -0.9898404516416022 0.4791911154211276 -0.1084040870395631 -0.8709848797556858 0.9018292147279207 -0.3896012847967294 -0.9154899973239905 -0.10039525024551497 1.992492537874542 0.0 -0.0 0.0 1.0
-0.8251279427104905 0.26929746546417266 -0.49661599756972513 -0.43052899584550114 0.4811130138932389 -0.12578120743548016 -0.8675828005236845 0.974793902127593 -0.29610613267331226 -0.9548028712535044 -0.025768855032733285 1.9937127936208212 0.0 -0.0 0.0 1.0
-0.7990108985364115 0.3062061102605971 -0.5174977602084335 -0.1655498288393998 0.5007969967358898 -0.137468978260494 -0.8545729147596851 0.9633227449871586 -0.3328189925949052 -0.941982121226602 -0.04349974935965329 2.0290767077572918 0.0 -0.0 0.0 1.0
-0.7878614762131714 0.2901951735782558 -0.5431764603381214 0.12418354106413027 0.5153787829653922 -0.17210000008350995 -0.8394956423953602 0.9935365720110746 -0.33710327177278915 -0.9413580534532904 -0.01395837931808527 1.8290240481636098 0.0 -0.0 0.0 1.0
-0.8246499474401736 0.1899091936477527 -0.5327971369863151 0.790759928818907 0.5091337178369799 -0.16113487652683606 -0.8454640084628764 0.9432219913010944 -0.2464166152557303 -0.9684838824178289 0.03619854657077714 1.7359038766538237 0.0 0.0 -0.0 1.0
-0.8278482115176279 0.1165385893597641 -0.5487004345111417 1.2257360955573133 0.5159642519477461 -0.22557095845565295 -0.8263711598897727 0.9910102765006275 -0.22007794138294232 -0.9672265301029876 0.1266170748954307 1.4507166213402012 0.0 0.0 -0.0 1.0
-0.8172532611205892 0.21564966530850474 -0.5343952694137682 1.2317094529990535 0.487994133633617 -0.2342419316052838 -0.8408227622577434 0.9114418761866727 -0.30650417227272103 -0.9479538036400341 0.08620745996862245 1.6495524016110303 0.0 0.0 -0.0 1.0
-0.7593257374485687 0.3968859734370085 -0.5156445169687688 0.5505093651971197 0.4755173569978252 -0.20247036538317156 -0.8560827023411283 0.8833715158988741 -0.4441745005974734 -0.895251849665728 -0.03497607519780209 1.835995982488025 0.0 -0.0 0.0 1.0
-0.6210499730552383 0.68921408985787 -0.373195277282971 -0.46698740210479317 0.40146162805649277 -0.1292072706763781 -0.9067137118708574 0.8603299417582569 -0.6731413951479983 -0.7129411844570989 -0.19644588912355046 1.5971810704584966 0.0 -0.0 0.0 1.0
-0.7935158082985685 0.40542492011889186 -0.4538147936848796 -0.1319019693915111 0.4437281055581409 -0.12484264312634773 -0.8874176052907399 0.7988365191723741 -0.4164403933009026 -0.9055579892526641 -0.08082591713434521 1.553246094721736 0.0 -0.0 0.0 1.0
-0.8238684281644217 0.26365606324287244 -0.5017071700717975 0.07807421601153604 0.4940618967534302 -0.09965469236379283 -0.8636909237501723 0.7587549419676537 -0.27771828586173586 -0.9594501809876499 -0.04815172669780279 1.7360554419780327 0.0 -0.0 0.0 1.0
-0.8029109677687514 0.3239454909753752 -0.5003780970046064 -0.18265496291409075 0.4693530803376867 -0.17389288939855158 -0.8657130848981017 0.9414540104207748 -0.36745966730584273 -0.9299520300458476 -0.012416103251176371 1.676510807959451 0.0 -0.0 0.0 1.0
-0.8023694733519827 0.3390570282298008 -0.49115030498191775 -0.23621235435011503 0.4558460606116355 -0.18300548395713848 -0.8710359104537433 0.9597255985284147 -0.3852176781264581 -0.9227889899029268 -0.007711601530386427 1.6652588367212986 0.0 -0.0 0.0 1.0
-0.8149596779559729 0.32638776645564765 -0.47884704132199823 -0.27833471691745865 0.42217361864301534 -0.2316521784824246 -0.876410286853832 1.151771384108014 -0.39697972087281835 -0.916404158241923 0.05100485438892985 1.5413905502977603 0.0 0.0 -0.0 1.0
-0.8252661107912028 -0.16454646502862055 -0.5402291895885257 1.0423943114061107 0.5636065877672527 -0.1795928286457804 -0.8062789859524948 0.9335158361192789 0.035647309026391294 -0.9698776469273229 0.24095917845901624 1.3302871605701376 -0.0 0.0 -0.0 1.0
-0.6179888544927917 -0.6695516169928152 -0.4120431222942761 1.9796928370686893 0.6316421796497087 -0.11080344100045036 -0.7672960897699836 0.6339663463107695 0.46808873013477936 -0.734449293505728 0.4913997944877496 0.18884919296653568 -0.0 0.0 -0.0 1.0
-0.2444284400104914 -0.9303388111048457 -0.2733606104226039 2.184628456741384 0.6189028424381041 0.06733883174056832 -0.7825764782265039 0.2786543467469421 0.7464687524472579 -0.36046687680056383 0.5593287003664816 -0.9376095843618354 -0.0 0.0 -0.0 1.0
-0.1287449939491579 -0.9783511410590844 -0.16203054207163028 2.1474538995300083 0.6279550377340675 0.04602987234188223 -0.7768872679998979 0.2914910997171424 0.7675267566824302 -0.2017681875049561 0.6084343182796275 -1.2371939851562228 -0.0 0.0 -0.0 1.0
0.04394761937774402 -0.9936314315214149 -0.10375958058287085 2.376892264777743 0.6145886877295768 0.1087709905955279 -0.7813132684068361 0.141090041613969 0.7876231441213759 -0.029432239292167123 0.6154542016283221 -1.6212093618221801 -0.0 0.0 -0.0 1.0
0.2690465870125893 -0.9585730249184772 0.09354300955008019 2.2478352977497322 0.610695596455817 0.09468655725020023 -0.7861829407849732 0.12173092078624498 0.7447572941973007 0.26864564703942745 0.6108726104885127 -2.491296852833747 -0.0 0.0 -0.0 1.0
0.1352688784754402 -0.9905657772855813 -0.02196051783527938 2.973986737540423 0.6190423572866266 0.10179881795069447 -0.7787323496858019 -0.11467745551803943 0.7736209558067794 0.09174395662391455 0.6269719896067558 -2.0698745588298824 -0.0 0.0 -0.0 1.0
0.12932353752626366 -0.991533219324376 0.011713624730406715 2.833718436859227 0.48574284262934825 0.053047119722307724 -0.8724905715885455 0.17664059161466555 0.8644820558610918 0.11852333822332341 0.48849047210350316 -1.7453436518085164 -0.0 0.0 -0.0 1.0
-0.07469725924171891 -0.9872544803175352 -0.14052933738239373 2.8961395336150266 0.48159707256578804 0.08768458482919642 -0.8719950230749535 0.12935765140340091 0.8732033917057961 -0.132814350211926 0.4689093510852775 -0.7174320599602941 -0.0 0.0 -0.0 1.0
-0.2215943137511158 -0.9574079263193164 -0.18511845000388547 2.548847120016654 0.514778452075033 0.046377012763184226 -0.8560692247583243 0.2605457399359214 0.8281919602918051 -0.2849937454893498 0.4825741760342429 -0.10721842586608529 -0.0 0.0 -0.0 1.0
-0.24709644566645522 -0.9499316858317787 -0.1912515644094978 2.377620208508032 0.5043519208193695 0.04244703933057864 -0.8624560725375459 0.3210596603281186 0.8273913877909119 -0.30956603392897564 0.4686086596521412 0.26049286803647764 -0.0 0.0 -0.0 1.0
-0.34768919381199065 -0.8758071437824726 -0.33477684179294753 2.1617515819645106 0.5118347197247841 0.12186867297116978 -0.8503964952384883 0.11222620331701387 0.785581890418069 -0.4670233680825593 0.4058951980606656 0.7450845442102486 -0.0 0.0 -0.0 0.9999999999999999
-0.2464971917933317 -0.9523878145032948 -0.17944534323885475 2.456560653515413 0.5154124256103815 0.027976245221644727 -0.8564873123989674 0.398816454347769 0.8207272458431994 -0.30360819417066287 0.4839736846584982 0.3120399673125921 -0.0 0.0 -0.0 1.0
-0.17656394965342492 -0.9694778752827982 -0.17010999634971996 2.6444254130177067 0.6102789943292966 0.027770394523020592 -0.7916994475126586 0.5390091831416617 0.7722592249040504 -0.24360031943938745 0.5867490347674132 0.10470242353875664 -0.0 0.0 -0.0 1.0
-0.17380620909972935 -0.9711577935896718 -0.1632329852926121 2.285856456062168 0.619269709491348 0.021096208030929695 -0.7848954489226636 0.47818684725166444 0.7657006557998063 -0.23750448175733535 0.5977411581184263 0.299332828494779 -0.0 0.0 -0.0 1.0
-0.22655416757402794 -0.9493925206895522 -0.21755014987191224 1.9148379929396022 0.49561845282609246 0.0799091578170938 -0.86485700465633 0.27263063543569255 0.8384727636146166 -0.30375834297218646 0.45243203662408227 0.7774418399302536 -0.0 0.0 -0.0 1.0
-0.2775696933700285 -0.9341047197989083 -0.22451513517769756 1.5227525431234505 0.5077766231689451 0.055741407365292074 -0.8596850954413712 0.3543299028452062 0.8155498601684646 -0.3526243535569632 0.45884204166774223 1.0795769962765718 -0.0 0.0 -0.0 1.0
-0.24172905769733524 -0.9571904986073351 -0.15923645584672835 1.4006633534622945 0.5578276980836249 -0.002804852904203134 -0.8299534221459972 0.7208218364072034 0.7939761701259707 -0.2894490856769288 0.5346233546290039 0.9770639625861757 -0.0 0.0 -0.0 1.0
-0.24649303684659915 -0.9417721739545034 -0.22871265607480032 1.161867879609384 0.6063032764533421 0.034256196105433866 -0.7944968661690661 0.8293257622988353 0.7560692055737712 -0.33450576334472215 0.5625534169830871 0.9305616074786582 -0.0 0.0 -0.0 0.9999999999999999
-0.35376975707667835 -0.8883103890769677 -0.29284085673521615 0.6460493802003049 0.6156155176658464 0.014574611206367147 -0.7879137897927057 0.8824279405604949 0.7041794154107553 -0.4590155317511665 0.5416987164249509 0.9093722304011931 -0.0 0.0 -0.0 1.0
-0.28779450047872746 -0.9379146285703194 -0.19363226518186427 0.5285720590980407 0.5383519786253996 0.00877905852034551 -0.8426757195234634 0.6583400811682315 0.792057101328499 -0.34675837506717294 0.5023995706845257 0.8626636561012656 -0.0 0.0 -0.0 0.9999999999999999
-0.28998209285089227 -0.9369965544025487 -0.1948106714409703 0.4552743700207321 0.440961411754721 0.049847033323370336 -0.8961421637354022 0.36971035410844044 0.849392002532549 -0.3457675539333591 0.39872244529206785 0.9613215211006989 -0.0 0.0 -0.0 1.0
-0.2278530215993856 -0.9647887046782097 -0.13140942572026484 0.41931718092458525 0.22568972343133212 0.07895313111736062 -0.9709956556489894 -0.04122713413975616 0.9471799357541577 -0.2509007168656602 0.1997517138265244 0.9427033156980075 -0.0 0.0 -0.0 1.0
-0.30880603363261616 -0.9397324470134267 -0.14674021437105655 0.5625292351280793 0.24691265916339317 0.06978727808604973 -0.9665181982030523 0.18249167552168807 0.9185117861239568 -0.3347031769644166 0.21048612789476517 0.824227734974594 -0.0 0.0 -0.0 1.0
-0.29350444458098174 -0.9437259464171002 -0.15245709535430074 0.667188694541721 0.41218925000293327 0.018959939355270027 -0.9109037349638498 0.5975220674827888 0.8625322313033305 -0.3301922625862027 0.38342457809319974 0.4104927648927799 -0.0 0.0 -0.0 1.0
-0.29408984698223223 -0.9331913085199709 -0.20656266976964097 0.7318292423480702 0.5872644343291661 -0.005917606988746675 -0.8093749394421625 0.7404602083329346 0.7540786689782392 -0.35933450997873384 0.5497682349690012 -0.03552096318104321 -0.0 0.0 -0.0 1.0
-0.180855080579456 -0.9630617920716803 -0.19950916416851522 0.9540071434251622 0.5875762999695207 0.05687190922065352 -0.8071679271810909 0.5481221385507915 0.788698937279948 -0.2632070584710128 0.5555863679167224 -0.28367242790951286 -0.0 0.0 -0.0 1.0
-0.20115789711691584 -0.9642195627986547 -0.17267472788528926 1.1084039900448022 0.5225962909190708 0.04345822851585884 -0.8514721597431116 0.4418279009542645 0.8285101349495592 -0.2615193238759179 0.4951553077698714 -0.44010993339761106 -0.0 0.0 -0.0 1.0
0.5619959107139201 -0.8029352263512548 0.19863064796190244 0.7443100267248318 0.4857709418285281 0.1260327582139665 -0.8649505039071065 0.3974329964254543 0.6694667311554984 0.5825871646219741 0.4608738054083118 -1.6488204797374424 -0.0 0.0 -0.0 1.0
0.8200621911219856 -0.43943426207320835 0.366598542364038 -0.09928270241943722 0.4589765787020475 0.1224140637200174 -0.8799717162902688 0.5107548111597693 0.3418149530971411 0.889891707235725 0.3020782194375335 -1.8954034690476065 -0.0 0.0 -0.0 1.0
0.8493032056070999 -0.4568422255004057 0.2645348804733733 0.14629355717603812 0.3813685428466764 0.18447160942148788 -0.9058285276532786 0.4868438306278422 0.36502267948798606 0.8702082900345505 0.330898118339078 -1.6810934506251904 -0.0 0.0 -0.0 1.0
0.8533978818496845 -0.375510109976807 0.3615294604687576 0.0550782305251774 0.4375537847900201 0.13911075198226908 -0.8883642261818553 0.48959319300920096 0.2832985684081663 0.9163167958503842 0.28302334659310296 -1.4873788352307473 -0.0 0.0 -0.0 1.0
0.8196999885659214 -0.4528696936820968 0.350713658748592 0.3683361733666228 0.4157187179952651 0.04915345598129754 -0.9081614091609244 0.46515815391950893 0.39404184720649393 0.8902180845987367 0.22855839238798012 -1.2837749915167045 -0.0 0.0 -0.0 1.0
0.8522234880209132 -0.42782869729397743 0.301125696248796 0.650692314175846 0.35753771163066284 0.056073467543339105 -0.9322102022530644 0.39512218120597464 0.3819435350017007 0.9021151158224828 0.20075305582569658 -1.1735223464400375 -0.0 0.0 -0.0 1.0
0.8986492451411595 -0.20853784776892548 0.38592834690474315 0.6624076578822066 0.39693191420351 0.01203789796929531 -0.9177648038348076 0.3958854867769576 0.18674522320600953 0.9779361664960152 0.09359390715982584 -1.3139170644522702 -0.0 0.0 -0.0 1.0
0.8747228835922128 -0.31665068966068044 0.36686681165325274 1.1116753753235293 0.4029972804766437 0.05481734414179104 -0.9135540526092916 0.34961073779164076 0.2691692937633164 0.9469530905790986 0.1755602948548368 -1.193481625098436 -0.0 0.0 -0.0 1.0
0.9208019621632869 -0.1477253187742364 0.3609716157453912 1.290229979313363 0.37171757535472416 0.05213020793791071 -0.9268780225490012 0.27611061758922073 0.11810724544992442 0.9876507756130983 0.10291408023874137 -1.2535456686923854 -0.0 0.0 -0.0 1.0
0.8940970989424121 -0.19340470201325466 0.4039608519389247 1.6177602531140127 0.4171802170133376 0.03149635847161224 -0.908274679320205 0.3762448938795197 0.1629429815062793 0.9806104464771491 0.10884596256527886 -1.266137912830693 -0.0 0.0 -0.0 1.0
0.8650503839821206 -0.3104381622430176 0.3941000868715633 1.9758742962225881 0.3620170131369508 -0.15757503440044254 -0.9187515094012527 0.4554123194621932 0.347318892691196 0.9374373586112219 -0.023925350866679494 -0.9362827957694119 -0.0 0.0 0.0 1.0
0.8492114113161812 -0.3726570494587912 0.3741200514860681 2.206222881196063 0.35460793461715057 -0.12250888539327437 -0.9269510045876704 0.32545917016004455 0.39127011415066226 0.919843288644957 0.028112092123039903 -0.7581983089801071 -0.0 0.0 -0.0 1.0
0.8532575423646931 -0.3124084220128004 0.4175538693430836 2.2551816450129647 0.401894227885979 -0.11629343492609281 -0.9082658740506292 0.41544076707904265 0.3323120303682994 0.9427973517103023 0.02632818313815029 -0.785241415702331 -0.0 0.0 -0.0 1.0
0.8393740920355419 -0.41964872201340325 0.3454637213969863 2.5420199325269115 0.40146891876230145 0.05018043251898602 -0.9144940154248061 0.41854701119027415 0.36643272222641604 0.9062955075949342 0.21059697396446714 -0.47424897006800143 -0.0 0.0 -0.0 1.0
0.8683459981141318 -0.3001787498074674 0.3948001996177379 2.57317174892857 0.4560751036435819 0.1705473492666891 -0.8734439808519538 0.5136910500176451 0.19485887013549943 0.9385103121782005 0.28499886198346747 -0.8306879236241089 -0.0 0.0 -0.0 1.0
0.9126910659883688 -0.15929353333658947 0.3763241999843941 2.831131673562618 0.39672877701213727 0.12459113033396726 -0.9094374420280275 0.36250790685168427 0.09798270620633887 0.9793343421670355 0.17691008787728643 -1.1151773028930063 -0.0 0.0 -0.0 1.0
0.8844390728183057 -0.310838704870174 0.34806067410794717 3.145587281735317 0.4005253057805289 0.1228907944132014 -0.9080048624761604 0.2841165229227233 0.2394711104264484 0.9424821751823279 0.233188767179191 -0.6824502539607453 -0.0 0.0 -0.0 1.0
0.656712044565826 -0.6917224846565304 0.300412402510167 3.043850998243488 0.48552179316781 0.08299207689468711 -0.8702737542324784 0.5709733183357492 0.5770582255626528 0.7173756499874687 0.3903498327620057 0.8991364098633571 -0.0 0.0 -0.0 1.0
-0.123152896843982 -0.9907727650859427 -0.05659223943374978 0.6115216650514034 0.6117479017767761 -0.03089025326934326 -0.7904494211494836 1.1771724137490536 0.781407613462079 -0.13196632401816 0.6099073925121999 2.6417939253641114 -0.0 0.0 -0.0 1.0
-0.25340210726789114 -0.9613283993894124 -0.10789221516467648 0.13928959189944393 0.3945315227365847 -0.0008695445582772403 -0.9188844502263565 0.24490014322197323 0.8832541531876033 -0.27541144442296667 0.37949101962296833 2.9438047209188545 -0.0 0.0 -0.0 0.9999999999999999
-0.5922401556695194 -0.7570830218262714 -0.2757960043999255 -1.158924435661567 0.3736086305487629 0.04524537042169278 -0.9264779417093163 0.08108828089363072 0.7139010638795231 -0.6517438786960484 0.2560642469084987 2.73931567972018 -0.0 0.0 -0.0 1.0
-0.8795137745982404 0.24306973326779108 -0.40909520880740774 -3.2843570016721104 0.41826012418993475 -0.015104052940645105 -0.9081976204893263 0.3877484726301108 -0.22693667311165716 -0.9698873925233534 -0.08837555435940397 0.06117583211268254 0.0 -0.0 0.0 1.0
-0.7711757205411769 -0.15767797630671268 -0.6167718544433677 -2.5314335576183242 0.6328055901673391 -0.0841295941331872 -0.7697195534287212 1.4655590374517982 0.06947625254345888 -0.9838946903660218 0.16466855123915647 1.1275582113018727 -0.0 0.0 -0.0 1.0
-0.08489148448681495 -0.966709327731913 -0.24138858195811996 0.6064494631256291 0.6263611423307726 0.13663319900197354 -0.7674663699727889 1.2432736058533478 0.7748981167496226 -0.21634690952794866 0.5939087877021727 2.6407974444939186 -0.0 0.0 -0.0 1.0
0.5686631640333584 -0.8138861949698282 0.11920507525449305 2.6291133130996607 0.472545144525477 0.20461631581948653 -0.857222413840484 0.6125118212421071 0.6732916712523024 0.5438000019154986 0.5009570957210695 1.421535067015901 -0.0 0.0 -0.0 1.0
0.8939131326272154 -0.3357692121479123 0.2969472702714507 3.3572508683747695 0.3696313824095983 0.1774432038591403 -0.912075317496343 0.260417388122204 0.2535572643318019 0.925077175066573 0.28273031204593974 -0.3468253639227266 -0.0 0.0 -0.0 1.0
0.8834782155524877 0.0197692306248933 0.4680541652049114 3.0470608906494414 0.45414191697589656 0.20908068153408976 -0.8660459051879005 0.5516991767351345 -0.11498105633133922 0.9776960510478246 0.17574044761747826 -1.611263602650918 -0.0 -0.0 -0.0 1.0
0.6271609955160583 -0.6457441342891671 0.4355251906166596 3.0311141303378544 0.6672341364449788 0.15694642607198675 -0.7281230971751385 1.4254390119954117 0.4018286770149003 0.7472477170778691 0.5292946128888263 0.5498323459822506 -0.0 0.0 -0.0 1.0
0.16243088530298205 -0.9709598652184902 0.17564748192168672 1.5531384211891568 0.7043714732884171 -0.010560992200716752 -0.7097520369629359 1.7000571293240916 0.6909963279527727 0.23900641551249663 0.6822020133073491 2.062120755645508 -0.0 0.0 -0.0 1.0
-0.34960163297645785 -0.9175307608658014 -0.18953431725302408 -0.4400626024904468 0.6688066147576878 -0.10273324535840406 -0.7363080343631258 1.5927076188052751 0.6561125411688888 -0.38417328402231293 0.6495607018765712 2.542505520193332 -0.0 0.0 -0.0 0.9999999999999999
0.3309730070200287 -0.9404301684122954 0.07775337961715684 1.8926960881591715 0.5258231192174402 0.11538218793935245 -0.8427299998139081 0.675968116561361 0.7835588918879725 0.31980447705401716 0.532690245636809 2.2945490951414866 -0.0 0.0 -0.0 1.0
0.8678185720291951 -0.3297530471796006 0.3716889681211124 3.3591248192477114 0.37563148553061004 -0.05427398335772262 -0.9251735135675285 0.25004656110451345 0.32525489724336076 0.9425009130321927 0.07676681618450666 -0.3793236996902717 -0.0 0.0 -0.0 1.0
0.8505944143489915 -0.35398192222115515 0.38882497860121046 3.438927763282741 0.40105313887557154 -0.041483994599799186 -0.9151108951949385 0.3300141591134684 0.3400653542224922 0.9343277633680889 0.106680579459244 -0.8220090629511042 -0.0 0.0 -0.0 1.0
0.8433672693112549 -0.3559146351149805 0.40256102507363273 3.445137252580388 0.42975038483255507 -0.002952870672628148 -0.9029392066881794 0.3811754017350401 0.3225604024578976 0.9345102335545771 0.15046512892472452 -1.3605439587465529 -0.0 0.0 -0.0 1.0
0.7840853463958793 -0.5033352838592604 0.36312826973978496 3.7488510407577094 0.44374049652522946 0.04556335814756345 -0.8949922823503171 0.27053737551548507 0.4339388435431186 0.8628849319397438 0.25907742251635907 -1.3280410259286404 -0.0 0.0 -0.0 1.0
0.7712339268465545 -0.5099407545259979 0.38099574165653316 3.857055053042793 0.45353855297752377 0.02022854450774595 -0.8910048959069264 0.34637570824662656 0.4466543510026426 0.8599694008797678 0.24687962935954394 -1.890873741506314 -0.0 0.0 -0.0 1.0
0.7402313194658208 -0.5795747951312356 0.3408067040342568 4.127253181184437 0.4499181856852645 0.05032009467976021 -0.8916480506693737 0.20649808401088185 0.49962964166974355 0.8133607298215086 0.29801115791505894 -2.0712932080742723 -0.0 0.0 -0.0 1.0
0.32503569549816075 -0.9355377948116839 0.1382753568250666 4.788109521407933 0.44881187386472626 0.02389849136664413 -0.8933060335168855 0.25079788249212404 0.8324175284569539 0.35241566670584284 0.4276489382859465 0.23605041536131005 -0.0 0.0 -0.0 1.0
-0.36178883437571757 -0.9179009118361093 -0.16301338223515763 3.356355002996299 0.5553597299403858 -0.07175646021043129 -0.8285117869166759 0.9456117927291354 0.7487930402157562 -0.39027442484912783 0.535721111063442 3.2134700014046955 -0.0 0.0 -0.0 1.0
-0.8912835780809102 -0.09428053093196247 -0.44352094159112976 -1.6144569034082894 0.45342754815214215 -0.18151779492204426 -0.8726087557317787 1.2541431693768557 0.0017614455448520775 -0.9788532900781932 0.204541612125012 4.271197983648206 -0.0 0.0 -0.0 1.0
-0.8173001988990779 0.3128018960714648 -0.48390196497757665 -3.2396029575968135 0.43848035799954116 -0.2071969593680742 -0.874525546573082 1.5126981670878157 -0.3738196269785799 -0.9269384714934359 0.03219269063218649 3.1897751120214664 0.0 0.0 -0.0 1.0
-0.8291489712729208 0.33344573183038995 -0.44867174474880916 -3.322493946296623 0.44222748308077503 -0.09969193739397349 -0.8913386515304198 0.8684480485966116 -0.3419462587682283 -0.937477296935758 -0.0647894160432275 3.232886881760937 0.0 -0.0 0.0 1.0
-0.8203960645600011 0.3573771364062066 -0.44634099405652705 -3.2368648253260566 0.47789344513867094 -2.15441077278856e-05 -0.8784141871824674 0.4266571775450605 -0.31393718445180585 -0.9339567502626936 -0.1707652617875183 2.9426015428388035 0.0 -0.0 0.0 1.0
-0.8233589144094254 0.34518303564454833 -0.4504688324894996 -3.0875335615558495 0.4999860242391227 0.06568386807024748 -0.8635370417816495 0.1967474421207775 -0.2684911035349697 -0.936232299682025 -0.22666532065502637 2.652371676025596 0.0 -0.0 0.0 1.0
-0.7585244258609591 0.4872378864780833 -0.4327042657328895 -3.2882250374851187 0.5426231089427406 0.10459665349072626 -0.8334363563175234 0.12070703275131228 -0.36082392002880953 -0.8669805304838767 -0.34372306209891107 1.9112593714109567 0.0 -0.0 0.0 1.0
-0.8213981599847007 0.3444905645111406 -0.45455684715402084 -2.67666210865303 0.5255626834819656 0.1476034248529291 -0.8378500473823965 -0.05513798853832683 -0.22153903043348971 -0.9271111514547853 -0.3022890331383977 2.2444366907652555 0.0 -0.0 0.0 1.0
-0.8577825340868097 0.2573484454619826 -0.4449388570475078 -2.132907434958478 0.48801666053368337 0.13600770046634503 -0.8621698481624508 -0.08140738055748808 -0.16136464260122713 -0.9566968619535137 -0.2422512513991229 2.4165994103292467 0.0 -0.0 0.0 1.0
-0.8327391162342017 0.2946408589387524 -0.46874224272593534 -2.2941991098122516 0.5471006004124627 0.3080475345310691 -0.7783204525427695 -0.40738369284543896 -0.08493208395457431 -0.9045930344674471 -0.41771748485039706 2.028423102747994 0.0 -0.0 0.0 1.0
-0.7801226860911766 0.4036548677187579 -0.47797756793265084 -2.304712314800021 0.5930203235911062 0.2337142218314965 -0.7705198088669221 -0.07008288931633132 -0.1993155877893807 -0.884554479807814 -0.4216985308866813 1.6958382744297602 0.0 -0.0 0.0 1.0
-0.7745856888644347 0.40767765406690903 -0.4835326491416309 -2.1679272619425047 0.5409755573422781 0.031015186580104045 -0.8404623058897368 0.48484508711568275 -0.3276436154882307 -0.9125954041132918 -0.24456244770803104 1.6533210687468687 0.0 -0.0 0.0 1.0
-0.7938245319024149 0.3625141595323696 -0.4882792402956627 -2.022019309134765 0.5214183753342564 -0.007488378620242854 -0.8532651859715897 0.5455571477621803 -0.3129792488227358 -0.931945322363965 -0.1830728092925958 1.8138284219636438 0.0 -0.0 0.0 1.0
-0.8078880315498331 0.3219442038618476 -0.49361658486567056 -1.5684763099614132 0.5095309000490351 -0.03926932742417178 -0.8595519509668347 0.5873895874902549 -0.29611427713137906 -0.9459403914987118 -0.13230983431845098 1.9497036938490961 0.0 -0.0 0.0 1.0
-0.7602243386150584 0.3971413087429717 -0.5141268320655429 -1.2901177141975577 0.5431887073029302 -0.0455276363178404 -0.838371355062908 0.5777456230345167 -0.3563616797987754 -0.9166238496485639 -0.18110622522205738 1.8571954840057694 0.0 -0.0 0.0 1.0
-0.8089670426402907 0.2859970245745128 -0.5135837921393489 -0.7241779625816738 0.5230945448006502 -0.048386326834813705 -0.8508967214120804 0.5315066077393289 -0.26820646293380773 -0.9570051386198383 -0.1104558491982525 1.9450633678394817 0.0 -0.0 0.0 1.0
-0.8500653211192912 0.2628802248269154 -0.4563624006695532 -0.2905207203974595 0.4606693894594337 -0.04882955606182441 -0.8862224040002616 0.6411523639408676 -0.2552574523942789 -0.9635872680019687 -0.07958454763031605 1.9212869082592205 0.0 -0.0 0.0 1.0
-0.7978811259253212 0.36030678995183646 -0.48326817307510744 -0.27560981693995407 0.46156391348543213 -0.15047723493679604 -0.8742452366378523 1.0169008216742441 -0.3877213739401803 -0.9206112084468568 -0.04623288575563253 1.8576438891768372 0.0 -0.0 0.0 1.0
-0.8422309235191213 0.18759863493449166 -0.5054039070955508 0.3283906842189362 0.48414146014676096 -0.14916590585798103 -0.8621737978430536 0.9879543416439963 -0.23713583374153416 -0.9708467249248917 0.034819253173625296 1.888622385338512 0.0 0.0 -0.0 1.0
-0.8487801778788124 0.16162835578565357 -0.5034202366480389 0.7169947018667417 0.4738491893780195 -0.18986818492796143 -0.8598874152556826 1.053892773607674 -0.2345689787043597 -0.9684088474349685 0.08457838955937373 1.7788758171644385 0.0 0.0 -0.0 1.0
-0.8177814571067281 0.22459912596760181 -0.5298798151993348 0.826332153738852 0.49058764193253535 -0.2093210521545134 -0.8458710009112018 0.930326214122372 -0.3009005675727364 -0.9516980704199424 0.06100256800422614 1.8564618987833752 0.0 0.0 -0.0 1.0
-0.8227886063771802 0.33809208559456655 -0.4568379957475026 0.4246996470978943 0.48398581268419866 -0.0045554025045712945 -0.8750603038388591 0.3796712977323788 -0.2979344656481129 -0.9410985835050928 -0.1598782896226917 2.224434864351589 0.0 -0.0 0.0 1.0
-0.7887454598067003 0.39822648903730085 -0.46828033010238107 0.4246082502314656 0.5422333657606628 0.09186943976620748 -0.8351874100744457 0.035188575012601225 -0.2895751734284065 -0.9126722831146543 -0.28838943646772436 2.3577919779394962 0.0 -0.0 0.0 1.0
-0.820217435293936 0.2481112032532583 -0.5154365492410304 1.1067916276502123 0.5515764969235489 0.10415996625537953 -0.8275925725597425 -0.029221609872524753 -0.15164884932165829 -0.9631131443846295 -0.2222822907955151 2.2169803437051367 0.0 -0.0 0.0 1.0
-0.8444062660761242 0.1566993973212516 -0.5122621353831132 1.572459158647617 0.5325617349445244 0.142318055189198 -0.8343371734104251 -0.0753693101236464 -0.05783766000396046 -0.9773360831195496 -0.20362194838121828 2.0450743118426584 0.0 -0.0 0.0 1.0
-0.8550193998038651 0.21106930447464767 -0.4736861500423848 1.4704604797012693 0.5098213573267498 0.17492665940654517 -0.8423046139834306 -0.11918310090011329 -0.09492630656998387 -0.961688425498039 -0.2571683385321165 2.142905183806066 0.0 -0.0 0.0 1.0
-0.8358620046454805 0.2133392712833163 -0.5057779330419555 1.1931616575188155 0.5409224634411275 0.4769294040439169 -0.6927759053412995 -1.0452303366751257 0.09342296672115005 -0.8526558049807228 -0.5140449290819038 1.915885822050811 0.0 0.0 0.0 1.0
-0.8191155237756537 0.2881196732485754 -0.4960134902902272 0.7002330708327814 0.5614963039773357 0.5795870943755982 -0.5905920619007705 -1.3654619065104425 0.11732105238631833 -0.7622756304830097 -0.6365256865155392 1.7545801193628423 0.0 0.0 0.0 1.0
-0.8035967746855385 0.3508589651789995 -0.4807506198389546 0.13535354350048814 0.5931429703339657 0.5386770028690401 -0.5983361831896932 -1.2546852091192897 0.0490366056045203 -0.765978301252221 -0.6409870650815062 1.8493935065018274 0.0 0.0 0.0 1.0
-0.8189037832190038 0.3101387558894883 -0.48291330180965625 -0.14067214167583833 0.5696837555431866 0.5413695747397271 -0.6183672604212405 -1.2370417741115856 0.06965431520435587 -0.7814931875588707 -0.6200096481038314 1.894849916715554 0.0 0.0 0.0 1.0
