0 0 1
-0.0045224734 0.5668065540 0.8238384626 0.0132741000
-0.9994673468 0.0240639744 -0.0220427884 0.0101333000
-0.0323187990 -0.8234993578 0.5663958641 -0.0577222000
0.0000000000 0.0000000000 0.0000000000 1.0000000000
1 1 2
-0.0005352920 0.5670524767 0.8236829657 0.0197556000
-0.9995869426 0.0233987037 -0.0167574661 0.0046964000
-0.0287764400 -0.8233506891 0.5668038547 -0.0516163000
0.0000000000 0.0000000000 0.0000000000 1.0000000000
2 2 3
-0.0018161979 0.5681971097 0.8228895333 0.0162884000
-0.9995430105 0.0237775253 -0.0186246449 0.0112738000
-0.0301481281 -0.8225479632 0.5678954701 -0.0541725000
0.0000000000 0.0000000000 0.0000000000 1.0000000000
3 3 4
-0.0016204906 0.5679354241 0.8230712958 0.0126963000
-0.9995788400 0.0229229496 -0.0177853888 0.0091486400
-0.0289680275 -0.8227536274 0.5676593716 -0.0562878000
0.0000000000 0.0000000000 0.0000000000 1.0000000000
4 4 5
-0.0034949678 0.5665868652 0.8239958395 0.0202534000
-0.9995915493 0.0214218008 -0.0189690428 0.0092329900
-0.0283998916 -0.8237247200 0.5662790046 -0.0596732000
0.0000000000 0.0000000000 0.0000000000 1.0000000000
5 5 6
-0.0032238932 0.5735346309 0.8191757087 0.0200535000
-0.9996687802 0.0190869490 -0.0172973819 0.0080400700
-0.0255566903 -0.8189596429 0.5732821929 -0.0560828000
0.0000000000 0.0000000000 0.0000000000 1.0000000000
6 6 7
-0.0030099513 0.5669178713 0.8237691564 0.0139384000
-0.9996488088 0.0199917032 -0.0174107371 0.0094779700
-0.0263392273 -0.8235320285 0.5666581714 -0.0576369000
0.0000000000 0.0000000000 0.0000000000 1.0000000000
7 7 8
-0.0056692675 0.5773864964 0.8164501073 0.0113786000
-0.9995913804 0.0195752791 -0.0207849257 0.0095029000
-0.0279824232 -0.8162351223 0.5770410761 -0.0594168000
0.0000000000 0.0000000000 0.0000000000 1.0000000000
8 8 9
-0.0009490410 0.5763151546 0.8172268727 0.0188326000
-0.9996404573 0.0213494226 -0.0162167131 0.0092062800
-0.0267931881 -0.8169485102 0.5760878235 -0.0573628000
0.0000000000 0.0000000000 0.0000000000 1.0000000000
9 9 10
-0.0027944616 0.5682846300 0.8228277901 0.0183680000
-0.9996531153 0.0199737362 -0.0171896079 0.0100681000
-0.0262038537 -0.8225900637 0.5680310648 -0.0598001000
0.0000000000 0.0000000000 0.0000000000 1.0000000000
10 10 11
-0.0027861581 0.5783326197 0.8157958340 0.0133172000
-0.9996466231 0.0199440428 -0.0175529543 0.0078952700
-0.0264214079 -0.8155567780 0.5780732867 -0.0592476000
0.0000000000 0.0000000000 0.0000000000 1.0000000000
11 11 12
-0.0058070253 0.5753547614 0.8178828288 0.0213568000
-0.9998209518 0.0113703105 -0.0150976741 0.0125897000
-0.0179857603 -0.8178244150 0.5751863849 -0.0602836000
0.0000000000 0.0000000000 0.0000000000 1.0000000000
12 12 13
-0.0001478537 0.5759679277 0.8174718173 0.0170605000
-0.9996719357 0.0208405095 -0.0148646466 0.0123521000
-0.0255977911 -0.8172061447 0.5757764767 -0.0592418000
0.0000000000 0.0000000000 0.0000000000 1.0000000000
13 13 14
-0.0022574815 0.5729214255 0.8196078203 0.0156184000
-0.9996414600 0.0205905135 -0.0171462470 0.0066960500
-0.0267000076 -0.8193522335 0.5726687249 -0.0599978000
0.0000000000 0.0000000000 0.0000000000 1.0000000000
14 14 15
-0.0018503208 0.5739268561 0.8189049549 0.0234957000
-0.9995973677 0.0221361470 -0.0177724389 0.0090685400
-0.0283277901 -0.8186077944 0.5736542071 -0.0634935000
0.0000000000 0.0000000000 0.0000000000 1.0000000000
15 15 16
-0.0005576704 0.5766129415 0.8170159805 0.0241910000
-0.9996116718 0.0224106228 -0.0164992504 0.0094802000
-0.0278226931 -0.8167087825 0.5763781541 -0.0619471000
0.0000000000 0.0000000000 0.0000000000 1.0000000000
16 16 17
-0.0003348347 0.5761060268 0.8173748931 0.0215939000
-0.9996299651 0.0220392144 -0.0159432826 0.0100817000
-0.0271993146 -0.8170777817 0.5758854819 -0.0612930000
0.0000000000 0.0000000000 0.0000000000 1.0000000000
17 17 18
-0.0027547280 0.5779849056 0.8160431839 0.0203258000
-0.9996321877 0.0204343001 -0.0178474648 0.0077202400
-0.0269910795 -0.8157919414 0.5777155443 -0.0627297000
0.0000000000 0.0000000000 0.0000000000 1.0000000000
18 18 19
-0.0013932048 0.5761438980 0.8173464081 0.0190481000
-0.9995878280 0.0226191017 -0.0176482382 0.0118407000
-0.0286551264 -0.8170345738 0.5758757816 -0.0665862000
0.0000000000 0.0000000000 0.0000000000 1.0000000000
19 19 20
-0.0004742765 0.5765606616 0.8170535727 0.0231881000
-0.9995876833 0.0231693703 -0.0169301601 0.0077894200
-0.0286914722 -0.8167251499 0.5763127532 -0.0668003000
0.0000000000 0.0000000000 0.0000000000 1.0000000000
20 20 21
-0.0010288192 0.5765612486 0.8170538903 0.0232470000
-0.9995944774 0.0226723040 -0.0172573249 0.0118078000
-0.0284747895 -0.8167398981 0.5763033444 -0.0683869000
0.0000000000 0.0000000000 0.0000000000 1.0000000000
21 21 22
-0.0006940449 0.5771154222 0.8166632779 0.0239139000
-0.9996694482 0.0206132815 -0.0154160476 0.0096197000
-0.0257315819 -0.8164033622 0.5769091030 -0.0558720000
0.0000000000 0.0000000000 0.0000000000 1.0000000000
22 22 23
-0.0011198162 0.5771631646 0.8166278761 0.0233291000
-0.9996094757 0.0221510207 -0.0170263643 0.0121364000
-0.0279159976 -0.8163281707 0.5769132270 -0.0648100000
0.0000000000 0.0000000000 0.0000000000 1.0000000000
23 23 24
-0.0005542269 0.5768228600 0.8168681942 0.0200687000
-0.9996317706 0.0218204682 -0.0160868924 0.0111012000
-0.0271031676 -0.8165769119 0.5765994782 -0.0658819000
0.0000000000 0.0000000000 0.0000000000 1.0000000000
24 24 25
-0.0021125784 0.5768448441 0.8168514093 0.0151095000
-0.9996242189 0.0211166491 -0.0174972766 0.0122337000
-0.0273426392 -0.8165811409 0.5765829517 -0.0638639000
0.0000000000 0.0000000000 0.0000000000 1.0000000000
25 25 26
-0.0059527027 0.5829632774 0.8124761902 0.0178893000
-0.9991613413 0.0294402827 -0.0284445066 0.0105788000
-0.0405013157 -0.8119644653 0.5822997585 -0.0658289000
0.0000000000 0.0000000000 0.0000000000 1.0000000000
26 26 27
-0.2154474586 0.3409086222 0.9150742828 -0.2397040000
-0.9530519872 0.1307727092 -0.2731088313 0.1365100000
-0.2127711009 -0.9309553348 0.2967305609 0.1136670000
0.0000000000 0.0000000000 0.0000000000 1.0000000000
27 27 28
-0.2780839150 0.4646101349 0.8407147376 -0.3837600000
-0.9202762207 0.1219255588 -0.3717822813 0.5063430000
-0.2752372158 -0.8770791354 0.3936674502 0.4309140000
0.0000000000 0.0000000000 0.0000000000 1.0000000000
28 28 29
-0.2603672165 0.5326824760 0.8052671262 -0.2113510000
-0.9438232637 0.0353494632 -0.3285508379 0.6608940000
-0.2034782830 -0.8455751805 0.4935564178 0.6354230000
0.0000000000 0.0000000000 0.0000000000 1.0000000000
29 29 30
-0.3070627422 0.5797333532 0.7547313798 -0.0121394000
-0.9250948088 0.0043398695 -0.3797091543 0.7255930000
-0.2234050384 -0.8147936464 0.5349772892 0.7918380000
0.0000000000 0.0000000000 0.0000000000 1.0000000000
30 30 31
-0.2466087663 0.6084055817 0.7543372385 0.0811021000
-0.9544455460 -0.0175610065 -0.2978650710 0.6797680000
-0.1679753579 -0.7934308722 0.5850222497 0.8887710000
0.0000000000 0.0000000000 0.0000000000 1.0000000000
31 31 32
-0.3227719770 0.5339716653 0.7814647266 0.1810860000
-0.9220473270 0.0089705061 -0.3869679788 0.4674720000
-0.2136389127 -0.8454523940 0.4894553944 0.8340280000
0.0000000000 0.0000000000 0.0000000000 1.0000000000
32 32 33
-0.4490638355 0.3818472117 0.8078018118 0.4359590000
-0.8393586067 0.1296574575 -0.5278936560 0.4730730000
-0.3063138743 -0.9150886785 0.2622771445 0.7542880000
0.0000000000 0.0000000000 0.0000000000 1.0000000000
33 33 34
-0.6692212379 0.4700173344 0.5755341995 0.6665350000
-0.5965605177 0.1219414602 -0.7932544700 0.3685510000
-0.4430253472 -0.8741972379 0.1987811833 0.8371370000
0.0000000000 0.0000000000 0.0000000000 1.0000000000
34 34 35
-0.8434389412 0.5290498857 0.0934346610 0.8247410000
0.0276930001 0.2164968667 -0.9758933125 0.4305470000
-0.5365229866 -0.8205125703 -0.1972579329 0.9043790000
0.0000000000 0.0000000000 0.0000000000 1.0000000000
35 35 36
-0.8139565602 0.5745354542 -0.0859928959 0.8093010000
0.2228683402 0.1721207016 -0.9595359344 0.6280710000
-0.5364843607 -0.8001803036 -0.2681487206 0.8999660000
0.0000000000 0.0000000000 0.0000000000 1.0000000000
36 36 37
-0.6876555345 0.6170696408 -0.3825719273 0.7747410000
0.5623340032 0.1193529487 -0.8182534196 0.7241430000
-0.4592566711 -0.7778066908 -0.4290751021 0.8843890000
0.0000000000 0.0000000000 0.0000000000 1.0000000000
37 37 38
-0.6499961118 0.5812619879 -0.4895383295 0.7107340000
0.6546326874 0.1010960329 -0.7491596058 0.9097490000
-0.3859654379 -0.8074147458 -0.4462278722 0.8298780000
0.0000000000 0.0000000000 0.0000000000 1.0000000000
38 38 39
-0.8305253140 0.5569112880 -0.0092048477 0.9493820000
0.1156875538 0.1563103157 -0.9809112079 1.0160100000
-0.5448406205 -0.8157329374 -0.1942502928 0.9405360000
0.0000000000 0.0000000000 0.0000000000 1.0000000000
39 39 40
-0.8151989153 0.5337304756 -0.2249303590 0.6089790000
0.3298873465 0.1086557129 -0.9377493023 1.3179400000
-0.4760632580 -0.8386484334 -0.2646513814 0.7582620000
0.0000000000 0.0000000000 0.0000000000 1.0000000000
40 40 41
-0.8451344179 0.5061787859 -0.1718819335 0.2913420000
0.2648042824 0.1170979723 -0.9571691389 1.5383400000
-0.4643695235 -0.8544454958 -0.2330069198 0.5870420000
0.0000000000 0.0000000000 0.0000000000 1.0000000000
41 41 42
-0.7871100766 0.5603540088 -0.2578209945 0.1241210000
0.3380365704 0.0422397886 -0.9401876052 1.7375400000
-0.5159453047 -0.8271788445 -0.2226720049 0.5201480000
0.0000000000 0.0000000000 0.0000000000 1.0000000000
42 42 43
-0.7380926913 0.5741953330 -0.3543024355 -0.1748740000
0.4440686501 0.0180623864 -0.8958142541 1.9438500000
-0.5079700092 -0.8185229767 -0.2683185880 0.3918090000
0.0000000000 0.0000000000 0.0000000000 1.0000000000
43 43 44
-0.8351784380 0.4813148766 -0.2661276780 -0.3587740000
0.3254125033 0.0423504190 -0.9446263132 2.1210700000
-0.4433899572 -0.8755273602 -0.1920008223 0.2643700000
0.0000000000 0.0000000000 0.0000000000 1.0000000000
44 44 45
-0.7801932222 0.4988842266 -0.3773924664 -0.6005730000
0.4250967554 -0.0197670736 -0.9049358490 2.3090800000
-0.4589153449 -0.8664471540 -0.1966573371 0.1734460000
0.0000000000 0.0000000000 0.0000000000 1.0000000000
45 45 46
-0.7292889894 0.5327322868 -0.4293500558 -0.7567050000
0.4935372766 -0.0250289447 -0.8693670153 2.4158300000
-0.4738840748 -0.8459162851 -0.2446732211 0.0894190000
0.0000000000 0.0000000000 0.0000000000 1.0000000000
46 46 47
-0.7865085360 0.4791957327 -0.3896043077 -0.4343870000
0.3874521611 -0.1084138323 -0.9154982425 2.3054100000
-0.4809375113 -0.8709923415 -0.1004049251 0.5094910000
0.0000000000 0.0000000000 0.0000000000 1.0000000000
47 47 48
-0.8251430687 0.4811178893 -0.2961077460 -0.2338850000
0.2692988093 -0.1257905374 -0.9548111500 2.1421800000
-0.4966209540 -0.8675896250 -0.0257773561 0.6833040000
0.0000000000 0.0000000000 0.0000000000 1.0000000000
48 48 49
-0.7990262142 0.5008020969 -0.3328210319 0.0606067000
0.3062078804 -0.1374786620 -0.9419905164 2.0945000000
-0.5175029599 -0.8545798142 -0.0435086331 0.8258460000
0.0000000000 0.0000000000 0.0000000000 1.0000000000
49 49 50
-0.7878815993 0.5153858678 -0.3371058910 0.2023620000
0.2901971558 -0.1721131925 -0.9413692296 1.8567500000
-0.5431837490 -0.8395045104 -0.0139697918 0.9270840000
0.0000000000 0.0000000000 0.0000000000 1.0000000000
50 50 51
-0.8246637636 0.5091388129 -0.2464173689 0.5996370000
0.1899093918 -0.1611436685 -0.9684916935 1.6830300000
-0.5328022835 -0.8454699325 0.0361912488 1.1559600000
0.0000000000 0.0000000000 0.0000000000 1.0000000000
51 51 52
-0.8278616310 0.5159695620 -0.2200783050 0.8226800000
0.1165379230 -0.2255799562 -0.9672341678 1.4838900000
-0.5487057150 -0.8263766902 0.1266106628 1.3078400000
0.0000000000 0.0000000000 0.0000000000 1.0000000000
52 52 53
-0.8172670430 0.4879988855 -0.3065056174 1.0674500000
0.2156502498 -0.2342512919 -0.9479614062 1.5116000000
-0.5344002016 -0.8408287255 0.0862005299 1.2824000000
0.0000000000 0.0000000000 0.0000000000 1.0000000000
53 53 54
-0.7593423915 0.4755222311 -0.4441783664 0.8134720000
0.3968893576 -0.2024817482 -0.8952605099 1.6040700000
-0.5156497370 -0.8560906206 -0.0349858725 1.1043500000
0.0000000000 0.0000000000 0.0000000000 1.0000000000
54 54 55
-0.6210559634 0.4014625654 -0.6731444520 0.4397180000
0.6892171830 -0.1292114435 -0.7129434512 1.5717200000
-0.3731960870 -0.9067174304 -0.1964503104 0.9195650000
0.0000000000 0.0000000000 0.0000000000 1.0000000000
55 55 56
-0.7935312314 0.4437320861 -0.4164438137 0.1877020000
0.4054282418 -0.1248523159 -0.9055658545 1.5597800000
-0.4538188570 -0.8874251584 -0.0808352114 0.7746050000
0.0000000000 0.0000000000 0.0000000000 1.0000000000
56 56 57
-0.8238844078 0.4940672493 -0.2777197238 0.1715850000
0.2636573494 -0.0996643268 -0.9594590127 1.7207100000
-0.5017125610 -0.8636980653 -0.0481609099 0.7781160000
0.0000000000 0.0000000000 0.0000000000 1.0000000000
57 57 58
-0.8029259436 0.4693575862 -0.3674621645 0.0275173000
0.3239475747 -0.1739026404 -0.9299600230 1.7819800000
-0.5003828084 -0.8657200077 -0.0124245129 0.7444680000
0.0000000000 0.0000000000 0.0000000000 1.0000000000
58 58 59
-0.8023843597 0.4558503095 -0.3852204208 0.0144674000
0.3390593446 -0.1830152548 -0.9227968260 1.7924300000
-0.4911548006 -0.8710428902 -0.0077199246 0.7328010000
0.0000000000 0.0000000000 0.0000000000 1.0000000000
59 59 60
-0.8149769006 0.4221780803 -0.3969830986 -0.1011830000
0.3263904082 -0.2316638659 -0.9164130443 1.7702200000
-0.4788519745 -0.8764184132 0.0509958492 0.7975480000
0.0000000000 0.0000000000 0.0000000000 1.0000000000
60 60 61
-0.8252773381 0.5636125938 0.0356495366 0.2866990000
-0.1645500163 -0.1796000845 -0.9698841831 1.6294100000
-0.5402345208 -0.8062833750 0.2409545095 0.9952770000
0.0000000000 0.0000000000 0.0000000000 1.0000000000
61 61 62
-0.6179955818 0.6316491782 0.4680936338 0.7345980000
-0.6695587731 -0.1108080596 -0.7344522369 1.5344700000
-0.4120477929 -0.7672993905 0.4913976798 1.2093700000
0.0000000000 0.0000000000 0.0000000000 1.0000000000
62 62 63
-0.2444279492 0.6189016092 0.7464678069 1.0614200000
-0.9303374550 0.0673391996 -0.3604670041 1.6757000000
-0.2733598515 -0.7825759001 0.5593288742 1.3396900000
0.0000000000 0.0000000000 0.0000000000 1.0000000000
63 63 64
-0.1287449643 0.6279549322 0.7675266850 1.0430100000
-0.9783510262 0.0460298975 -0.2017682141 1.8379200000
-0.1620304862 -0.7768872157 0.6084343286 1.3271600000
0.0000000000 0.0000000000 0.0000000000 1.0000000000
64 64 65
0.0439477197 0.6145878953 0.7876226580 1.0857300000
-0.9936305993 0.1087710842 -0.0294325766 2.2986900000
-0.1037591661 -0.7813128460 0.6154542419 1.3546400000
0.0000000000 0.0000000000 0.0000000000 1.0000000000
65 65 66
0.2690465693 0.6106971089 0.7447579338 1.1763000000
-0.9585745459 0.0946865353 0.2686466603 2.8124700000
0.0935423903 -0.7861839665 0.6108726011 1.4073000000
0.0000000000 0.0000000000 0.0000000000 1.0000000000
66 66 67
0.1352689120 0.6190418746 0.7736206991 1.2700000000
-0.9905652801 0.1017988527 0.0917437050 3.1475000000
-0.0219602903 -0.7787320715 0.6269720041 1.2737600000
0.0000000000 0.0000000000 0.0000000000 1.0000000000
67 67 68
0.1293235230 0.4857429259 0.8644821137 1.0565500000
-0.9915333111 0.0530471038 0.1185233906 3.0072200000
0.0117135815 -0.8724906367 0.4884904636 0.9735080000
0.0000000000 0.0000000000 0.0000000000 1.0000000000
68 68 69
-0.0746973670 0.4815974050 0.8732036754 0.7805000000
-0.9872548635 0.0876844934 -0.1328142205 2.7526000000
-0.1405295476 -0.8719952535 0.4689092979 0.8562030000
0.0000000000 0.0000000000 0.0000000000 1.0000000000
69 69 70
-0.2215933379 0.5147763430 0.8281901301 0.5194820000
-0.9574054636 0.0463777746 -0.2849941765 2.3976400000
-0.1851171334 -0.8560678823 0.4825745894 0.7466210000
0.0000000000 0.0000000000 0.0000000000 1.0000000000
70 70 71
-0.2470949654 0.5043489771 0.8273887631 0.2100430000
-0.9499282132 0.0424481758 -0.3095665581 2.3255800000
-0.1912496948 -0.8624541573 0.4686092903 0.6095490000
0.0000000000 0.0000000000 0.0000000000 1.0000000000
71 71 72
-0.3476885943 0.5118337392 0.7855809331 0.1088510000
-0.8758060013 0.1218690636 -0.4670233683 2.2275700000
-0.3347760850 -0.8503959089 0.4058954623 0.5167130000
0.0000000000 0.0000000000 0.0000000000 1.0000000000
72 72 73
-0.2464957058 0.5154094290 0.8207246441 0.1438790000
-0.9523842970 0.0279774040 -0.3036087295 2.4231700000
-0.1794435061 -0.8564853941 0.4839742998 0.6313750000
0.0000000000 0.0000000000 0.0000000000 1.0000000000
73 73 74
-0.1765640650 0.6102793296 0.7722594649 0.0571069000
-0.9694782456 0.0277702993 -0.2436002477 2.5742500000
-0.1701101773 -0.7916996207 0.5867489943 0.8151430000
0.0000000000 0.0000000000 0.0000000000 1.0000000000
74 74 75
-0.1738059134 0.6192688315 0.7657000412 -0.1280300000
-0.9711568268 0.0210964547 -0.2375046704 2.2809300000
-0.1632325224 -0.7848950026 0.5977412594 0.5695290000
0.0000000000 0.0000000000 0.0000000000 1.0000000000
75 75 76
-0.2265538146 0.4956177112 0.8384720845 -0.3531700000
-0.9493916485 0.0799094227 -0.3037584882 2.0323000000
-0.2175496494 -0.8648565232 0.4524321942 0.3006190000
0.0000000000 0.0000000000 0.0000000000 1.0000000000
76 76 77
-0.2775683169 0.5077740400 0.8155475128 -0.6376980000
-0.9341016773 0.0557424248 -0.3526246897 1.7833400000
-0.2245134245 -0.8596834531 0.4588426247 0.1511340000
0.0000000000 0.0000000000 0.0000000000 1.0000000000
77 77 78
-0.2417280508 0.5578255152 0.7939744374 -0.8392770000
-0.9571879918 -0.0028040397 -0.2894494683 1.6255300000
-0.1592352379 -0.8299521318 0.5346237320 0.2989210000
0.0000000000 0.0000000000 0.0000000000 1.0000000000
78 78 79
-0.2464920221 0.6063008430 0.7560673561 -0.9199970000
-0.9417694674 0.0342569823 -0.3345060674 1.3770800000
-0.2287112359 -0.7944956429 0.5625537731 0.4011370000
0.0000000000 0.0000000000 0.0000000000 1.0000000000
79 79 80
-0.3537681000 0.6156124558 0.7041770232 -0.9550410000
-0.8883069934 0.0145758174 -0.4590154747 0.9784440000
-0.2928389680 -0.7879123205 0.5416992774 0.3918580000
0.0000000000 0.0000000000 0.0000000000 1.0000000000
80 80 81
-0.2877933437 0.5383497874 0.7920552497 -0.8855750000
-0.9379120785 0.0087799490 -0.3467586372 0.7891100000
-0.1936309511 -0.8426743890 0.5024000178 0.2237120000
0.0000000000 0.0000000000 0.0000000000 1.0000000000
81 81 82
-0.2899806815 0.4409591375 0.8493897154 -0.8475430000
-0.9369937374 0.0498480730 -0.3457678913 0.7405540000
-0.1948091004 -0.8961404676 0.3987231032 0.0367029000
0.0000000000 0.0000000000 0.0000000000 1.0000000000
82 82 83
-0.2278517491 0.2256881896 0.9471777764 -0.7880610000
-0.9647864050 0.0789540856 -0.2509012431 0.6443320000
-0.1314081119 -0.9709938630 0.1997525432 -0.1732370000
0.0000000000 0.0000000000 0.0000000000 1.0000000000
83 83 84
-0.3088106986 0.2469176514 0.9185187516 -0.6284140000
-0.9397399088 0.0697839625 -0.3347021805 0.7917670000
-0.1467444290 -0.9665238327 0.2104833139 0.0854444000
0.0000000000 0.0000000000 0.0000000000 1.0000000000
84 84 85
-0.2935014652 0.4121847959 0.8625276211 -0.4045300000
-0.9437202680 0.0189621991 -0.3301930031 0.7538510000
-0.1524541206 -0.9109001359 0.3834259983 0.4886050000
0.0000000000 0.0000000000 0.0000000000 1.0000000000
85 85 86
-0.2940887243 0.5872621666 0.7540769039 -0.1928360000
-0.9331887407 -0.0059167342 -0.3593347187 0.6745520000
-0.2065613796 -0.8093737168 0.5497686256 0.7700050000
0.0000000000 0.0000000000 0.0000000000 1.0000000000
86 86 87
-0.1808549435 0.5875759153 0.7886986440 0.0742056000
-0.9630613638 0.0568720186 -0.2632071390 0.8129300000
-0.1995089393 -0.8071677225 0.5555864194 0.7903640000
0.0000000000 0.0000000000 0.0000000000 1.0000000000
87 87 88
-0.2011577559 0.5225959654 0.8285098597 0.3567020000
-0.9642191854 0.0434583411 -0.2615193978 0.9344460000
-0.1726745298 -0.8514719548 0.4951553672 0.7855200000
0.0000000000 0.0000000000 0.0000000000 1.0000000000
88 88 89
0.5619960212 0.4857730029 0.6694673600 0.4924700000
-0.8029372074 0.1260329787 0.5825894704 1.5081300000
0.1986298000 -0.8649527384 0.4608739414 0.9558170000
0.0000000000 0.0000000000 0.0000000000 1.0000000000
89 89 90
0.8200623184 0.4589788522 0.3418146397 0.4948690000
-0.4394365494 0.1224146844 0.8898961961 1.5805600000
0.3665983548 -0.8799762122 0.3020787130 1.0584100000
0.0000000000 0.0000000000 0.0000000000 1.0000000000
90 90 91
0.8493033046 0.3813698023 0.3650226207 0.3037220000
-0.4568434354 0.1844721452 0.8702109178 1.4399300000
0.2645345257 -0.9058311321 0.3308985579 0.9585700000
0.0000000000 0.0000000000 0.0000000000 1.0000000000
91 91 92
0.8533979731 0.4375553477 0.2832982157 0.1601440000
-0.3755117114 0.1391112873 0.9163202988 1.3154900000
0.3615294122 -0.8883677466 0.2830237924 0.8359900000
0.0000000000 0.0000000000 0.0000000000 1.0000000000
92 92 93
0.8197000324 0.4157207822 0.3940418595 0.0105600000
-0.4528717488 0.0491536868 0.8902223511 1.2867900000
0.3507134655 -0.9081656713 0.2285585797 0.5866780000
0.0000000000 0.0000000000 0.0000000000 1.0000000000
93 93 94
0.8522235451 0.3575403565 0.3819436738 -0.2475880000
-0.4278313150 0.0560738323 0.9021212674 1.3148900000
0.3011252935 -0.9322163422 0.2007533647 0.4079880000
0.0000000000 0.0000000000 0.0000000000 1.0000000000
94 94 95
0.8986492468 0.3969343310 0.1867444227 -0.5070460000
-0.2085402678 0.0120379149 0.9779437380 1.4183100000
0.3859291376 -0.9177723764 0.0935939227 0.2306650000
0.0000000000 0.0000000000 0.0000000000 1.0000000000
95 95 96
0.8747229341 0.4029998758 0.2691688110 -0.7920530000
-0.3166533198 0.0548177248 0.9469598386 1.4630300000
0.3668670383 -0.9135608140 0.1755606269 0.1210820000
0.0000000000 0.0000000000 0.0000000000 1.0000000000
96 96 97
0.9208019799 0.3717190308 0.1181064993 -1.1426300000
-0.1477268247 0.0521304210 0.9876562264 1.4142800000
0.3609722543 -0.9268834869 0.1029142818 -0.0808071000
0.0000000000 0.0000000000 0.0000000000 1.0000000000
97 97 98
0.8940971097 0.4171819877 0.1629422491 -1.3970900000
-0.1934064956 0.0314964576 0.9806159562 1.5426300000
0.4039615265 -0.9082801964 0.1088460537 -0.1739630000
0.0000000000 0.0000000000 0.0000000000 1.0000000000
98 98 99
0.8650502095 0.3620202272 0.3473191505 -1.5489100000
-0.3104413096 -0.1575765304 0.9374461505 1.5628700000
0.3941007872 -0.9187602772 -0.0239266741 -0.3826810000
0.0000000000 0.0000000000 0.0000000000 1.0000000000
99 99 100
0.8492113023 0.3546103358 0.3912704476 -1.6923000000
-0.3726594638 -0.1225096970 0.9198494002 1.5594700000
0.3741202715 -0.9269571213 0.0281113893 -0.5023920000
0.0000000000 0.0000000000 0.0000000000 1.0000000000
100 100 101
0.8532573873 0.4018978421 0.3323120010 -1.8302700000
-0.3124119416 -0.1162946147 0.9428066132 1.4931900000
0.4175546913 -0.9082750992 0.0263271540 -0.5436540000
0.0000000000 0.0000000000 0.0000000000 1.0000000000
101 101 102
0.8393741372 0.4014711087 0.3664326782 -2.1279600000
-0.4196509068 0.0501806993 0.9063003592 1.4755700000
0.3454635656 -0.9144988647 0.2105971957 -0.3955390000
0.0000000000 0.0000000000 0.0000000000 1.0000000000
102 102 103
0.8683461192 0.4560768328 0.1948581227 -2.3068200000
-0.3001806224 0.1705481127 0.9385145971 1.4644200000
0.3948004044 -0.8734483257 0.2849995200 -0.3304610000
0.0000000000 0.0000000000 0.0000000000 1.0000000000
103 103 104
0.9126911393 0.3967306245 0.0979815323 -2.6185000000
-0.1592955802 0.1245918658 0.9793409273 1.4979600000
0.3763249755 -0.9094440859 0.1769107793 -0.5384580000
0.0000000000 0.0000000000 0.0000000000 1.0000000000
104 104 105
0.8844391442 0.4005268841 0.2394706840 -2.7324500000
-0.3108403385 0.1228913358 0.9424863422 1.5860600000
0.3480607380 -0.9080090509 0.2331892405 -0.6777350000
0.0000000000 0.0000000000 0.0000000000 1.0000000000
105 105 106
0.6567121540 0.4855245245 0.5770587198 -2.7950100000
-0.6917251502 0.0829923693 0.7173793135 1.4131000000
0.3004116285 -0.8702773690 0.3903500271 -0.7684810000
0.0000000000 0.0000000000 0.0000000000 1.0000000000
106 106 107
-0.1231528997 0.6117479107 0.7814076192 -2.7091400000
-0.9907727750 -0.0308902558 -0.1319663213 0.9908700000
-0.0565922434 -0.7904494262 0.6099073915 -0.6461470000
0.0000000000 0.0000000000 0.0000000000 1.0000000000
107 107 108
-0.2533996363 0.3945276892 0.8832501782 -2.6614400000
-0.9613234485 -0.0008675713 -0.2754123516 0.9448750000
-0.1078897687 -0.9188811884 0.3794922430 -0.8770890000
0.0000000000 0.0000000000 0.0000000000 1.0000000000
108 108 109
-0.5922488438 0.3736154485 0.7139091427 -2.6722900000
-0.7570919321 0.0452401608 -0.6517462738 0.9042580000
-0.2758016925 -0.9264841584 0.2560601876 -0.9459360000
0.0000000000 0.0000000000 0.0000000000 1.0000000000
109 109 110
-0.8795273932 0.4182637950 -0.2269376518 -3.0369800000
0.2430708544 -0.0151114082 -0.9698946455 0.8635250000
-0.4090988386 -0.9082039757 -0.0883834405 -0.9860650000
0.0000000000 0.0000000000 0.0000000000 1.0000000000
110 110 111
-0.7711910578 0.6328151187 0.0694803691 -2.9579900000
-0.1576833905 -0.0841389820 -0.9839043072 0.8335550000
-0.6167807102 -0.7697251217 0.1646613178 -0.6189270000
0.0000000000 0.0000000000 0.0000000000 1.0000000000
111 111 112
-0.0848911414 0.6263595228 0.7748969649 -2.7736000000
-0.9667076007 0.1366334719 -0.2163473329 0.9877160000
-0.2413875989 -0.7674656356 0.5939089161 -0.4678340000
0.0000000000 0.0000000000 0.0000000000 1.0000000000
112 112 113
0.5686633858 0.4725473138 0.6732923641 -2.7416300000
-0.8138881886 0.2046167249 0.5438023494 1.2414400000
0.1192039750 -0.8572246001 0.5009573523 -0.5004690000
0.0000000000 0.0000000000 0.0000000000 1.0000000000
113 113 114
0.8939132505 0.3696331864 0.2535568462 -3.0094100000
-0.3357710538 0.1774441185 0.9250819153 1.4019000000
0.2969470764 -0.9120800722 0.2827311095 -0.6613460000
0.0000000000 0.0000000000 0.0000000000 1.0000000000
114 114 115
0.8834783119 0.4541428807 -0.1149827591 -3.1278300000
0.0197678748 0.2090813359 0.9777009277 1.3997500000
0.4680555759 -0.8660508743 0.1757411296 -0.6652290000
0.0000000000 0.0000000000 0.0000000000 1.0000000000
115 115 116
0.6271612160 0.6672362196 0.4018283758 -3.0730400000
-0.6457462300 0.1569469247 0.7472500592 1.3227500000
0.4355249966 -0.7281254507 0.5292948912 -0.5732510000
0.0000000000 0.0000000000 0.0000000000 1.0000000000
116 116 117
0.1624307932 0.7043726607 0.6909967454 -2.8746700000
-0.9709610818 -0.0105611032 0.2390070703 1.0331300000
0.1756471599 -0.7097527436 0.6822019784 -0.4729670000
0.0000000000 0.0000000000 0.0000000000 1.0000000000
117 117 118
-0.3495987204 0.6688009068 0.6561088518 -2.8872100000
-0.9175245162 -0.1027308655 -0.3841734016 0.7366150000
-0.1895316348 -0.7363054986 0.6495614581 -0.5622000000
0.0000000000 0.0000000000 0.0000000000 1.0000000000
118 118 119
0.3309729821 0.5258257456 0.7835601759 -2.7797900000
-0.9404328103 0.1153821550 0.3198065558 0.9681470000
0.0777521277 -0.8427320980 0.5326902282 -0.7997850000
0.0000000000 0.0000000000 0.0000000000 1.0000000000
119 119 120
0.8678185081 0.3756347755 0.3252548499 -2.8856600000
-0.3297563149 -0.0542744929 0.9425095988 1.4787800000
0.3716893524 -0.9251821910 0.0767663699 -0.9880930000
0.0000000000 0.0000000000 0.0000000000 1.0000000000
120 120 121
0.8505943690 0.4010559819 0.3400652816 -2.7779500000
-0.3539847511 -0.0414843107 0.9343347128 1.9990500000
0.3888252724 -0.9151178388 0.1066803083 -0.9474480000
0.0000000000 0.0000000000 0.0000000000 1.0000000000
121 121 122
0.8433672645 0.4297530128 0.3225601459 -2.6304700000
-0.3559172610 -0.0029529011 0.9345163777 2.4987600000
0.4025613036 -0.9029453498 0.1504651031 -0.8379840000
0.0000000000 0.0000000000 0.0000000000 1.0000000000
122 122 123
0.7840854184 0.4437439045 0.4339389649 -2.4831800000
-0.5033386719 0.0455636761 0.8628912443 3.0205700000
0.3631278829 -0.8949985840 0.2590776693 -0.7751160000
0.0000000000 0.0000000000 0.0000000000 1.0000000000
123 123 124
0.7712339441 0.4535404178 0.4466544466 -2.2872200000
-0.5099426151 0.0202286185 0.8599727872 3.5859700000
0.3809955834 -0.8910082799 0.2468796863 -0.6940790000
0.0000000000 0.0000000000 0.0000000000 1.0000000000
124 124 125
0.7402313833 0.4499209306 0.4996299595 -2.1131500000
-0.5795775082 0.0503203280 0.8133652591 4.0663900000
0.3408061798 -0.8916525606 0.2980113303 -0.6052000000
0.0000000000 0.0000000000 0.0000000000 1.0000000000
125 125 126
0.3250356110 0.4488127062 0.8324180219 -1.8653600000
-0.9355386881 0.0238983691 0.3524164092 4.3902800000
0.1382749850 -0.8933068438 0.4276488666 -0.5389830000
0.0000000000 0.0000000000 0.0000000000 1.0000000000
126 126 127
-0.3617858683 0.5553549461 0.7487891973 -1.7170800000
-0.9178953384 -0.0717541258 -0.3902746379 4.4027700000
-0.1630108152 -0.8285089191 0.5357221224 -0.3909570000
0.0000000000 0.0000000000 0.0000000000 1.0000000000
127 127 128
-0.8912965994 0.4534326884 0.0017630986 -2.0151600000
-0.0942831985 -0.1815259296 -0.9788604209 4.2563500000
-0.4435256361 -0.8726143720 0.2045361354 -0.4952840000
0.0000000000 0.0000000000 0.0000000000 1.0000000000
128 128 129
-0.8173143913 0.4384842750 -0.3738221149 -2.1186600000
0.3128038462 -0.2072063871 -0.9269459159 4.2835500000
-0.4839061756 -0.8745321709 0.0321851324 -0.3474240000
0.0000000000 0.0000000000 0.0000000000 1.0000000000
129 129 130
-0.8291685021 0.4422327875 -0.3419493383 -2.0334800000
0.3334487096 -0.0997036794 -0.9374875540 4.2252600000
-0.4486771071 -0.8913479216 -0.0648007854 -0.5071440000
0.0000000000 0.0000000000 0.0000000000 1.0000000000
130 130 131
-0.8204076102 0.4778968599 -0.3139387538 -1.9356500000
0.3573790192 -0.0000278866 -0.9339628507 3.9050800000
-0.4463442467 -0.8784195814 -0.1707726872 -0.5674560000
0.0000000000 0.0000000000 0.0000000000 1.0000000000
131 131 132
-0.8233654637 0.4999881004 -0.2684917385 -1.9284000000
0.3451839953 0.0656805121 -0.9362357941 3.5360900000
-0.4504707799 -0.8635400120 -0.2266697267 -0.6197320000
0.0000000000 0.0000000000 0.0000000000 1.0000000000
132 132 133
-0.7585313735 0.5426253623 -0.3608252034 -1.8700900000
0.4872397020 0.1045931159 -0.8669840222 3.2465600000
-0.4327061174 -0.8334395827 -0.3437283709 -0.6652790000
0.0000000000 0.0000000000 0.0000000000 1.0000000000
133 133 134
-0.8214074343 0.5255658262 -0.2215395581 -1.6724200000
0.3444918520 0.1475990846 -0.9271161022 3.0110800000
-0.4545597621 -0.8378540836 -0.3022956642 -0.5844170000
0.0000000000 0.0000000000 0.0000000000 1.0000000000
134 134 135
-0.8577926640 0.4880199620 -0.1613647352 -1.3999100000
0.2573492083 0.1360029894 -0.9567023410 2.8719400000
-0.4449420704 -0.8621742869 -0.2422580250 -0.4337670000
0.0000000000 0.0000000000 0.0000000000 1.0000000000
135 135 136
-0.8327517794 0.5471052786 -0.0849313055 -1.5153400000
0.2946419967 0.3080427535 -0.9045997339 2.6363700000
-0.4687468467 -0.7783253811 -0.4177272805 -0.5451480000
0.0000000000 0.0000000000 0.0000000000 1.0000000000
136 136 137
-0.7801313330 0.5930236715 -0.1993158682 -1.4184100000
0.4036563611 0.2337104996 -0.8845590580 2.4467600000
-0.4779805775 -0.7705232702 -0.4217054368 -0.4404640000
0.0000000000 0.0000000000 0.0000000000 1.0000000000
137 137 138
-0.7745977353 0.5409796848 -0.3276453074 -1.3998600000
0.4076799664 0.0310086089 -0.9126018454 2.3776100000
-0.4835364638 -0.8404677649 -0.2445708961 -0.2364210000
0.0000000000 0.0000000000 0.0000000000 1.0000000000
138 138 139
-0.7938339382 0.5214215294 -0.3129804268 -1.3219200000
0.3625156405 -0.0074936616 -0.9319504171 2.4275000000
-0.4882822639 -0.8532694523 -0.1830790130 -0.1897350000
0.0000000000 0.0000000000 0.0000000000 1.0000000000
139 139 140
-0.8078994386 0.5095347130 -0.2961155159 -0.9891290000
0.3219456373 -0.0392758848 -0.9459466353 2.3723500000
-0.4936203289 -0.8595570991 -0.1323169787 -0.0113580000
0.0000000000 0.0000000000 0.0000000000 1.0000000000
140 140 141
-0.7602356007 0.5431926530 -0.3563634517 -0.6327840000
0.3971433794 -0.0455343258 -0.9166299662 2.2410300000
-0.5141306295 -0.8383764671 -0.1811137821 0.1574430000
0.0000000000 0.0000000000 0.0000000000 1.0000000000
141 141 142
-0.8089766007 0.5230979454 -0.2682072212 -0.3421930000
0.2859978991 -0.0483918662 -0.9570104801 2.0942800000
-0.5135871646 -0.8509009325 -0.1104617165 0.2951860000
0.0000000000 0.0000000000 0.0000000000 1.0000000000
142 142 143
-0.8500814425 0.4606742748 -0.2552587910 -0.0519033000
0.2628816444 -0.0488386955 -0.9635960055 1.9590300000
-0.4563672632 -0.8862297858 -0.0795939551 0.5885470000
0.0000000000 0.0000000000 0.0000000000 1.0000000000
143 143 144
-0.7978976802 0.4615686308 -0.3877245029 0.0309761000
0.3603096401 -0.1504878281 -0.9206198992 1.9625200000
-0.4832730640 -0.8742530724 -0.0462425191 0.8417360000
0.0000000000 0.0000000000 0.0000000000 1.0000000000
144 144 145
-0.8422511886 0.4841484531 -0.2371369341 0.2461330000
0.1875990313 -0.1491785470 -0.9708580155 1.9193600000
-0.5054109749 -0.8621826710 0.0348086359 0.9520290000
0.0000000000 0.0000000000 0.0000000000 1.0000000000
145 145 146
-0.8487963477 0.4738547312 -0.2345698270 0.5264610000
0.1616283719 -0.1898785917 -0.9684178030 1.8069200000
-0.5034258430 -0.8598944502 0.0845703831 1.1167500000
0.0000000000 0.0000000000 0.0000000000 1.0000000000
146 146 147
-0.8177972869 0.4905930922 -0.3009021737 0.7779740000
0.2245999037 -0.2093315833 -0.9517068268 1.7759600000
-0.5298854438 -0.8458778983 0.0609943909 1.1115700000
0.0000000000 0.0000000000 0.0000000000 1.0000000000
147 147 148
-0.8228002283 0.4839893666 -0.2979358555 0.8284250000
0.3380937731 -0.0045618074 -0.9411047958 1.9515700000
-0.4568414184 -0.8750656713 -0.1598856849 0.8819130000
0.0000000000 0.0000000000 0.0000000000 1.0000000000
148 148 149
-0.7887551833 0.5422367077 -0.2895762583 0.9985920000
0.3982282594 0.0918645033 -0.9126774565 1.9795800000
-0.4682833649 -0.8351917379 -0.2883964400 0.9082050000
0.0000000000 0.0000000000 0.0000000000 1.0000000000
149 149 150
-0.8202265004 0.5515800236 -0.1516486699 1.2601400000
0.2481116592 0.1041555048 -0.9631182891 1.8636500000
-0.5154400509 -0.8275963459 -0.2222883780 1.0391100000
0.0000000000 0.0000000000 0.0000000000 1.0000000000
150 150 151
-0.8444166155 0.5325658300 -0.0578366465 1.4862300000
0.1566991699 0.1423132425 -0.9773419882 1.7630600000
-0.5122663478 -0.8343414340 -0.2036287022 1.1590700000
0.0000000000 0.0000000000 0.0000000000 1.0000000000
151 151 152
-0.8550319979 0.5098258670 -0.0949256234 1.5214700000
0.2110696907 0.1749210561 -0.9616953752 1.7713000000
-0.4736906948 -0.8423099158 -0.2571768763 1.1472600000
0.0000000000 0.0000000000 0.0000000000 1.0000000000
152 152 153
-0.8358711327 0.5409260226 0.0934250219 1.3837300000
0.2133394624 0.4769268033 -0.8526604689 1.8775500000
-0.5057820384 -0.6927789254 -0.5140524570 0.8642320000
0.0000000000 0.0000000000 0.0000000000 1.0000000000
153 153 154
-0.8191224934 0.5614990135 0.1173227544 1.1344300000
0.2881202188 0.5795854836 -0.7622789016 1.9271300000
-0.4960166433 -0.5905939740 -0.6365319566 0.6577400000
0.0000000000 0.0000000000 0.0000000000 1.0000000000
154 154 155
-0.8036054007 0.5931464151 0.0490381696 0.7622920000
0.3508600352 0.5386747964 -0.7659823853 2.0449800000
-0.4807542486 -0.5983386242 -0.6409949135 0.4997970000
0.0000000000 0.0000000000 0.0000000000 1.0000000000
155 155 156
-0.8189088012 0.5696857045 0.0696553107 0.4575410000
0.3101392341 0.5413683094 -0.7814955806 2.1941400000
-0.4829154374 -0.6183687291 -0.6200141173 0.3419530000
0.0000000000 0.0000000000 0.0000000000 1.0000000000
156 156 157
-0.8103203838 0.5767907587 0.1034336101 0.3563540000
0.2908888256 0.5491561390 -0.7834618848 2.1558000000
-0.5086941932 -0.6047654541 -0.6127753337 0.3094790000
0.0000000000 0.0000000000 0.0000000000 1.0000000000
157 157 158
-0.7527389088 0.6581635884 0.0145638322 -0.0587136000
0.4459321249 0.5260318466 -0.7241802295 2.1779100000
-0.4842891226 -0.5386215329 -0.6894620413 0.0908052000
0.0000000000 0.0000000000 0.0000000000 1.0000000000
158 158 159
-0.7680777474 0.6396768512 0.0296038553 -0.3433980000
0.4152051872 0.5326751676 -0.7374710031 2.2280300000
-0.4875115534 -0.5541410958 -0.6747340866 -0.0518495000
0.0000000000 0.0000000000 0.0000000000 1.0000000000
159 159 160
-0.7716246843 0.6354365832 0.0287282867 -0.5110560000
0.4030396556 0.5233581386 -0.7507715250 2.2228100000
-0.4921016174 -0.5677316227 -0.6599437973 -0.1392680000
0.0000000000 0.0000000000 0.0000000000 1.0000000000
160 160 161
-0.4353710411 0.8377712402 -0.3295420470 -0.9391820000
0.8309715523 0.2331463612 -0.5051064795 2.4129100000
-0.3463306093 -0.4937465194 -0.7976701658 -0.3003900000
0.0000000000 0.0000000000 0.0000000000 1.0000000000
161 161 162
0.3566223028 0.8545279050 -0.3776287817 -1.1218000000
0.9326635736 -0.3020995423 0.1971708766 2.7458600000
0.0544067610 -0.4225159828 -0.9047225127 -0.4197250000
0.0000000000 0.0000000000 0.0000000000 1.0000000000
162 162 163
0.4330232386 0.7579891483 -0.4877972252 -1.2263600000
0.8915163779 -0.2802978610 0.3558623268 2.5813200000
0.1330121414 -0.5889752955 -0.7971353517 -0.4129710000
0.0000000000 0.0000000000 0.0000000000 1.0000000000
163 163 164
0.5126165256 0.6607146534 -0.5483455003 -1.2747000000
0.8410262502 -0.2577669125 0.4756438925 2.6793800000
0.1729204655 -0.7049953282 -0.6878140844 -0.3705850000
0.0000000000 0.0000000000 0.0000000000 1.0000000000
164 164 165
0.3671093718 0.7087587561 -0.6024066399 -1.3472400000
0.9260826233 -0.2177821175 0.3081327970 2.3607000000
0.0871992485 -0.6709961784 -0.7363192074 -0.4571750000
0.0000000000 0.0000000000 0.0000000000 1.0000000000
165 165 166
0.1579542670 0.7640894816 -0.6254770949 -1.4079000000
0.9843690737 -0.1718337912 0.0386791684 2.0046100000
-0.0779221332 -0.6218085038 -0.7792884765 -0.5045160000
0.0000000000 0.0000000000 0.0000000000 1.0000000000
166 166 167
0.3560972249 0.6958168746 -0.6237284844 -1.4719500000
0.9340782116 -0.2839064709 0.2165690336 1.7223300000
-0.0263863581 -0.6597295876 -0.7510461794 -0.4684360000
0.0000000000 0.0000000000 0.0000000000 1.0000000000
167 167 168
0.2999907021 0.7255456983 -0.6193488772 -1.5016900000
0.9537634447 -0.2154876864 0.2095407294 1.5243700000
0.0185710404 -0.6535713162 -0.7566437223 -0.4890920000
0.0000000000 0.0000000000 0.0000000000 1.0000000000
168 168 169
0.1536117500 0.6756131235 -0.7210798436 -1.6464600000
0.9851016669 -0.1618394706 0.0582293550 1.1441100000
-0.0773559265 -0.7192794028 -0.6904091480 -0.4391250000
0.0000000000 0.0000000000 0.0000000000 1.0000000000
169 169 170
0.1238220552 0.5385286316 -0.8334633641 -1.7268300000
0.9913710101 -0.1036238887 0.0803329247 1.1337400000
-0.0431020496 -0.8362157446 -0.5467141207 -0.2329320000
0.0000000000 0.0000000000 0.0000000000 1.0000000000
170 170 171
0.1793104547 0.5641979476 -0.8059372698 -1.6389000000
0.9836920365 -0.1147270766 0.1385511855 1.4007200000
-0.0142893112 -0.8176350833 -0.5755702056 -0.1977850000
0.0000000000 0.0000000000 0.0000000000 1.0000000000
171 171 172
0.2378302559 0.6234794805 -0.7447917909 -1.5792700000
0.9712550897 -0.1445685053 0.1891310752 1.5530200000
0.0102481757 -0.7683621218 -0.6399412069 -0.2996710000
0.0000000000 0.0000000000 0.0000000000 1.0000000000
172 172 173
0.2272099653 0.4986000231 -0.8365288134 -1.5772100000
0.9737357447 -0.1032051725 0.2029707107 1.4848700000
0.0148707193 -0.8606720786 -0.5089555250 -0.2327080000
0.0000000000 0.0000000000 0.0000000000 1.0000000000
173 173 174
0.2124162228 0.7912097142 -0.5734714643 -1.4931600000
0.9771426374 -0.1668000302 0.1318121278 1.6904400000
0.0086370485 -0.5883615885 -0.8085560555 -0.4110240000
0.0000000000 0.0000000000 0.0000000000 1.0000000000
174 174 175
0.3146256617 0.8603473329 -0.4010188134 -1.3250100000
0.9482267056 -0.2655787377 0.1741822533 1.9310800000
0.0433559311 -0.4350583976 -0.8993623135 -0.5389850000
0.0000000000 0.0000000000 0.0000000000 1.0000000000
175 175 176
0.3473840911 0.8532042562 -0.3890621737 -1.2709100000
0.9322164435 -0.2693175638 0.2417552051 2.2829200000
0.1014858626 -0.4466716623 -0.8889277398 -0.5353260000
0.0000000000 0.0000000000 0.0000000000 1.0000000000
176 176 177
0.3522317314 0.8556661893 -0.3791699883 -1.2104300000
0.9319275876 -0.2833098685 0.2263843149 2.6340100000
0.0862871889 -0.4330984404 -0.8972096975 -0.5116890000
0.0000000000 0.0000000000 0.0000000000 1.0000000000
177 177 178
0.4947110319 0.8095927641 -0.3159466685 -1.2107100000
0.8537815488 -0.3848952562 0.3505959136 2.7606000000
0.1622338064 -0.4431929422 -0.8816273083 -0.5008990000
0.0000000000 0.0000000000 0.0000000000 1.0000000000
178 178 179
0.3956308718 0.8719775738 -0.2883303155 -1.2294600000
